1700 0.0161  0.073
1705 0.0111  0.059
1710 0.0113  0.032
1715 0.0139  0.037
1720 0.0202  0.023
1725 0.0112  0.036
1730 0.0061  0.042
1735 0.0336  0.024
1740 0.0137  0.031
1745 0.0204  0.038
1750 0.0241  0.037
1755 0.0192  0.034
1760 0.0285  0.040
1765 0.0116  0.055
1770 0.0273  0.058
1775 0.0303  0.075
1780 0.0290  0.085
1785 0.0359  0.068
1790 0.0422  0.069
1795 0.0419  0.092
1800 0.0856  0.023
1805 0.0795  0.046
1810 0.0764  0.071
1815 0.0762  0.120
1820 0.0715  0.154
1825 0.0746  0.152
1830 0.1051  0.144
1835 0.1132  0.151
1840 0.1085  0.178
1845 0.0969  0.209
1850 0.1004  0.227
1855 0.1143  0.226
1860 0.1104  0.240
1865 0.1063  0.263
1870 0.1364  0.323
1875 0.1445  0.381
1880 0.1656  0.426
1885 0.1781  0.457
1890 0.1879  0.497
1895 0.1891  0.484
1900 0.1729  0.451
1905 0.1531  0.423
1910 0.1423  0.385
1915 0.1319  0.360
1920 0.1268  0.325
1925 0.1274  0.299
1930 0.1278  0.289
1935 0.1181  0.249
1940 0.0961  0.212
1945 0.0989  0.180
1950 0.1055  0.145
1955 0.1182  0.139
1960 0.1184  0.146
1965 0.1188  0.127
1970 0.1066  0.161
1975 0.1293  0.218
1980 0.1365  0.235
1985 0.1426  0.257
1990 0.1483  0.276
1995 0.1568  0.297
2000 0.1677  0.311
2005 0.1649  0.324
2010 0.1514  0.333
2015 0.1473  0.347
2020 0.1689  0.372
2025 0.1714  0.382
2030 0.1472  0.375
2035 0.1376  0.359
2040 0.1310  0.341
2045 0.1252  0.328
2050 0.1172  0.324
2055 0.1120  0.328
2060 0.1093  0.318
2065 0.1060  0.290
2070 0.1006  0.269
2075 0.0956  0.260
2080 0.0924  0.258
2085 0.0906  0.262
2090 0.0908  0.254
2095 0.0891  0.241
2100 0.0834  0.232
2105 0.0784  0.218
2110 0.0770  0.208
2115 0.0794  0.217
2120 0.0826  0.225
2125 0.0826  0.222
2130 0.0846  0.225
2135 0.0842  0.229
2140 0.0797  0.234
2145 0.0795  0.244
2150 0.0894  0.228
2155 0.0873  0.210
2160 0.0738  0.207
2165 0.0678  0.203
2170 0.0650  0.201
2175 0.0623  0.197
2180 0.0621  0.181
2185 0.0603  0.165
2190 0.0551  0.163
2195 0.0514  0.161
2200 0.0533  0.161
2205 0.0562  0.155
2210 0.0645  0.128
2215 0.0607  0.120
2220 0.0522  0.124
2225 0.0494  0.120
2230 0.0479  0.114
2235 0.0496  0.107
2240 0.0511  0.106
2245 0.0510  0.097
2250 0.0508  0.083
2255 0.0595  0.065
2260 0.0592  0.069
2265 0.0618  0.083
2270 0.0653  0.086
2275 0.0696  0.089
2280 0.0778  0.093
2285 0.0901  0.104
2290 0.1003  0.123
2295 0.1092  0.140
2300 0.1196  0.157
2305 0.1283  0.171
2310 0.1378  0.194
2315 0.1514  0.233
2320 0.1622  0.268
2325 0.1669  0.288
2330 0.1727  0.306
2335 0.1801  0.332
2340 0.1829  0.360
2345 0.1875  0.392
2350 0.1980  0.413
2355 0.2028  0.407
2360 0.1948  0.395
2365 0.1866  0.398
2370 0.1826  0.412
2375 0.1744  0.422
2380 0.1708  0.417
2385 0.1728  0.411
2390 0.1877  0.411
2395 0.1948  0.405
2400 0.1846  0.393
2405 0.1721  0.376
2410 0.1650  0.364
2415 0.1622  0.357
2420 0.1610  0.351
2425 0.1601  0.343
2430 0.1541  0.316
2435 0.1433  0.270
2440 0.1398  0.224
2445 0.1423  0.194
2450 0.1403  0.187
2455 0.1446  0.174
2460 0.1431  0.150
2465 0.1458  0.125
2470 0.1510  0.104
2475 0.1525  0.086
2480 0.1654  0.061
2485 0.1736  0.042
2490 0.1834  0.047
2495 0.1961  0.072
2500 0.2122  0.099
2505 0.2123  0.169
2510 0.2308  0.208
2515 0.2554  0.258
2520 0.2840  0.301
2525 0.3099  0.328
2530 0.3262  0.339
2535 0.3300  0.347
2540 0.3221  0.367
2545 0.3139  0.371
2550 0.3108  0.365
2555 0.3092  0.382
2560 0.3109  0.399
2565 0.3060  0.384
2570 0.2980  0.364
2575 0.2892  0.362
2580 0.2801  0.350
2585 0.2753  0.329
2590 0.2756  0.324
2595 0.2753  0.319
2600 0.2687  0.292
2605 0.2684  0.244
2610 0.2729  0.195
2615 0.2746  0.151
2620 0.2783  0.111
2625 0.2831  0.081
2630 0.2876  0.044
2635 0.2897  0.005
2640 0.2935 -0.019
2645 0.2984 -0.013
2650 0.2994  0.021
2655 0.3076  0.054
2660 0.3267  0.088
2665 0.3510  0.132
2670 0.3804  0.167
2675 0.4153  0.197
2680 0.4531  0.219
2685 0.4854  0.250
2690 0.5550  0.184
2695 0.5989  0.186
2700 0.6461  0.157
2705 0.6889  0.131
2710 0.7268  0.105
2715 0.7643  0.076
2720 0.8021  0.053
2725 0.8373  0.029
2730 0.8679 -0.004
2735 0.8989 -0.030
2740 0.9374 -0.027
2745 0.9808 -0.004
2750 1.0271  0.007
2755 1.0684  0.006
2760 1.1112 -0.024
2765 1.1564 -0.067
2770 1.2065 -0.116
2775 1.2522 -0.190
2780 1.2807 -0.267
2785 1.2830 -0.276
2790 1.2357 -0.163
2795 1.1155  0.094
2800 1.0646  0.201
2805 1.1479  0.039
2810 1.2562 -0.156
2815 1.4407 -0.528
2820 1.5160 -0.637
2825 1.5646 -0.664
2830 1.5833 -0.621
2835 1.6371 -0.662
2840 1.7019 -0.699
2845 1.7571 -0.708
2850 1.7969 -0.687
2855 1.8655 -0.699
2860 1.9941 -0.798
2865 2.1347 -0.887
2870 2.2601 -0.918
2875 2.4062 -0.962
2880 2.6624 -1.247
2885 2.8575 -1.376
2890 3.0294 -1.459
2895 3.1701 -1.473
2900 3.2901 -1.450
2905 3.3911 -1.429
2910 3.4715 -1.461
2915 3.5287 -1.530
2920 3.5742 -1.599
2925 3.6148 -1.661
2930 3.6501 -1.710
2935 3.6912 -1.753
2940 3.7423 -1.824
2945 3.7933 -1.909
2950 3.8289 -1.978
2955 3.8514 -2.097
2960 3.8425 -2.169
2965 3.8244 -2.224
2970 3.7878 -2.257
2975 3.7215 -2.271
2980 3.6324 -2.278
2985 3.5344 -2.271
2990 3.4334 -2.250
2995 3.3377 -2.197
3000 3.2637 -2.111
3005 3.2194 -2.027
3010 3.1909 -1.930
3015 3.1999 -1.909
3020 3.2346 -1.952
3025 3.2983 -2.074
3030 3.3795 -2.229
3035 3.4558 -2.362
3040 3.5179 -2.486
3045 3.5707 -2.649
3050 3.6159 -2.850
3055 3.6539 -3.054
3060 3.6888 -3.231
3065 3.7216 -3.381
3070 3.7541 -3.536
3075 3.7886 -3.689
3080 3.8335 -3.817
3085 3.8936 -3.924
3090 3.9595 -4.021
3095 4.0244 -4.094
3100 4.0986 -4.125
3105 4.1883 -4.108
3110 4.2818 -4.049
3115 4.3649 -3.972
3120 4.4383 -3.886
3125 4.5191 -3.807
3130 4.5735 -3.645
3135 4.5922 -3.426
3140 4.5860 -3.182
3145 4.5636 -2.900
3150 4.5498 -2.663
3155 4.5282 -2.428
3160 4.5029 -2.218
3165 4.4779 -2.069
3170 4.4457 -1.955
3175 4.4044 -1.847
3180 4.3473 -1.709
3185 4.2810 -1.609
3190 4.2076 -1.581
3195 4.1230 -1.591
3200 4.0263 -1.561
3205 3.9203 -1.490
3210 3.8173 -1.429
3215 3.7210 -1.445
3220 3.6319 -1.492
3225 3.5481 -1.494
3230 3.4662 -1.421
3235 3.3896 -1.325
3240 3.3367 -1.263
3245 3.3155 -1.261
3250 3.3163 -1.299
3255 3.3299 -1.350
3260 3.3518 -1.402
3265 3.3790 -1.463
3270 3.4108 -1.527
3275 3.4367 -1.563
3280 3.4497 -1.561
3285 3.4639 -1.549
3290 3.4935 -1.550
3295 3.5380 -1.583
3300 3.5936 -1.627
3305 3.6684 -1.643
3310 3.7684 -1.642
3315 3.8914 -1.672
3320 4.0285 -1.735
3325 4.1696 -1.795
3330 4.3077 -1.847
3335 4.4336 -1.891
3340 4.5310 -1.928
3345 4.5873 -1.950
3350 4.6044 -1.945
3355 4.5939 -1.909
3360 4.5717 -1.845
3365 4.5544 -1.762
3370 4.5524 -1.677
3375 4.5727 -1.613
3380 4.6172 -1.570
3385 4.6812 -1.561
3390 4.7629 -1.598
3395 4.8579 -1.639
3400 4.9522 -1.631
3405 5.0428 -1.614
3410 5.1448 -1.633
3415 5.2325 -1.808
3420 5.3284 -1.963
3425 5.4270 -2.111
3430 5.5323 -2.277
3435 5.6474 -2.460
3440 5.7728 -2.635
3445 5.9015 -2.798
3450 6.0145 -2.972
3455 6.0935 -3.157
3460 6.1317 -3.317
3465 6.1425 -3.418
3470 6.1544 -3.462
3475 6.1868 -3.459
3480 6.2373 -3.412
3485 6.3019 -3.349
3490 6.3937 -3.272
3495 6.4996 -3.202
3500 6.6161 -3.056
3505 6.7257 -2.845
3510 6.8259 -2.633
3515 6.9170 -2.480
3520 6.9960 -2.389
3525 7.0625 -2.338
3530 7.1263 -2.317
3535 7.1947 -2.337
3540 7.2611 -2.413
3545 7.3162 -2.535
3550 7.3624 -2.664
3555 7.4150 -2.765
3560 7.4838 -2.823
3565 7.5729 -2.855
3570 7.6364 -2.813
3575 7.6725 -2.721
3580 7.6839 -2.611
3585 7.6765 -2.519
3590 7.6591 -2.499
3595 7.6201 -2.537
3600 7.5750 -2.608
3605 7.5430 -2.670
3610 7.4811 -2.566
3615 7.3860 -2.222
3620 7.3008 -1.691
3625 7.2176 -1.007
3630 7.1433 -0.301
3635 7.0538  0.411
3640 6.9495  1.138
3645 6.8347  1.855
3650 6.6806  2.558
3655 6.5430  3.054
3660 6.3867  3.409
3665 6.2130  3.646
3670 6.0308  3.751
3675 5.8435  3.689
3680 5.6510  3.451
3685 5.4493  3.084
3690 5.2344  2.678
3695 5.0081  2.320
3700 4.7828  2.030
3705 4.5788  1.772
3710 4.4104  1.513
3715 4.2804  1.252
3720 4.1901  0.997
3725 4.1442  0.742
3730 4.1436  0.468
3735 4.1795  0.155
3740 4.2411 -0.193
3745 4.3154 -0.547
3750 4.3875 -0.888
3755 4.4388 -1.194
3760 4.4593 -1.453
3765 4.4522 -1.660
3770 4.4291 -1.799
3775 4.4065 -1.855
3780 4.3957 -1.856
3785 4.4009 -1.858
3790 4.4269 -1.894
3795 4.4728 -1.941
3800 4.5367 -1.974
3805 4.6191 -1.980
3810 4.7261 -1.957
3815 4.8623 -1.900
3820 5.0276 -1.804
3825 5.2209 -1.675
3830 5.4446 -1.527
3835 5.7027 -1.377
3840 5.9990 -1.245
3845 6.3304 -1.132
3850 6.6860 -1.013
3855 7.0489 -0.841
3860 7.4010 -0.596
3865 7.7288 -0.316
3870 8.0322 -0.050
3875 8.3034  0.183
3880 8.5468  0.410
3885 8.7029  0.647
3890 8.8042  0.844
3895 8.9315  0.961
3900 9.0540  1.006
3905 9.1692  0.989
3910 9.2834  0.981
3915 9.3939  0.999
3920 9.4990  0.980
3925 9.6004  0.661
3930 9.7110  0.815
3935 9.6945  0.895
3940 9.7375  0.787
3945 9.7848  0.555
3950 9.7729  0.267
3955 9.6792 -0.052
3960 9.5192 -0.390
3965 9.3289 -0.658
3970 9.0924 -1.028
3975 8.8846 -1.407
3980 8.7363 -1.754
3985 8.6222 -2.079
3990 8.5278 -2.361
3995 8.4565 -2.591
4000 8.4152 -2.769
4005 8.4089 -2.890
4010 8.4372 -2.925
4015 8.5118 -2.902
4020 8.6173 -2.829
4025 8.7349 -2.727
4030 8.8551 -2.617
4035 8.9714 -2.478
4040 9.0804 -2.289
4045 9.1776 -2.082
4050 9.2678 -1.921
4055 9.3547 -1.856
4060 9.4927 -2.043
4065 9.5429 -2.127
4070 9.5646 -2.185
4075 9.5821 -2.192
4080 9.6343 -2.104
4085 9.6276 -1.997
4090 9.5644 -1.825
4095 9.4714 -1.605
4100 9.3852 -1.378
4105 9.3011 -1.150
4110 9.2117 -0.940
4115 9.1105 -0.749
4120 9.0051 -0.565
4125 8.9016 -0.370
4130 8.7994 -0.173
4135 8.7155 -0.040
4140 8.6469  0.039
4145 8.5998  0.066
4150 8.5560  0.087
4155 8.5157  0.094
4160 8.4553  0.152
4165 8.3776  0.268
4170 8.2818  0.439
4175 8.1775  0.630
4180 8.0618  0.839
4185 7.9366  1.043
4190 7.8011  1.217
4195 7.6525  1.359
4200 7.4912  1.483
4205 7.3235  1.584
4210 7.1520  1.657
4215 6.9926  1.671
4220 6.8395  1.665
4225 6.6929  1.656
4230 6.5546  1.648
4235 6.4276  1.638
4240 6.3146  1.626
4245 6.2137  1.612
4250 6.1171  1.578
4255 6.0179  1.500
4260 5.9188  1.356
4265 5.8220  1.156
4270 5.7963  0.599
4275 5.6411  0.683
4280 5.5300  0.539
4285 5.4150  0.420
4290 5.2868  0.366
4295 5.2397  0.183
4300 5.2441 -0.018
4305 5.2778 -0.207
4310 5.3291 -0.398
4315 5.4376 -0.705
4320 5.5405 -0.973
4325 5.6314 -1.177
4330 5.7192 -1.353
4335 5.8012 -1.510
4340 5.8806 -1.658
4345 5.9605 -1.796
4350 6.0423 -1.926
4355 6.1239 -2.050
4360 6.2014 -2.168
4365 6.2697 -2.269
4370 6.3217 -2.336
4375 6.3513 -2.344
4380 6.3594 -2.285
4385 6.3514 -2.176
4390 6.3205 -2.016
4395 6.2603 -1.808
4400 6.1298 -1.459
4405 6.0531 -1.279
4410 5.9717 -1.085
4415 5.9067 -0.941
4420 5.8520 -0.801
4425 5.8436 -0.694
4430 5.9599 -0.847
4435 6.0525 -0.895
4440 6.1665 -0.926
4445 6.2965 -0.929
4450 6.4437 -0.915
4455 6.5919 -0.871
4460 6.7284 -0.796
4465 6.8493 -0.687
4470 6.9591 -0.550
4475 7.0635 -0.409
4480 7.1601 -0.276
4485 7.2426 -0.150
4490 7.3069 -0.020
4495 7.3555  0.112
4500 7.3928  0.241
4505 7.4232  0.360
4510 7.4481  0.475
4515 7.4648  0.591
4520 7.4691  0.705
4525 7.4596  0.808
4530 7.4394  0.887
4535 7.4132  0.933
4540 7.3840  0.952
4545 7.3533  0.956
4550 7.3236  0.956
4555 7.2925  0.927
4560 7.2757  0.930
4565 7.2709  0.973
4570 7.2651  1.017
4575 7.2601  1.080
4580 7.2535  1.145
4585 7.2465  1.204
4590 7.2387  1.250
4595 7.2247  1.278
4600 7.1974  1.288
4605 7.1537  1.287
4610 7.0935  1.290
4615 7.0157  1.307
4620 6.9167  1.339
4625 6.7956  1.372
4630 6.6566  1.381
4635 6.5077  1.342
4640 6.3549  1.246
4645 6.2030  1.108
4650 6.0585  0.956
4655 5.9305  0.812
4660 5.8258  0.691
4665 5.7457  0.599
4670 5.6867  0.542
4675 5.6441  0.522
4680 5.6139  0.532
4685 5.5920  0.556
4690 5.5732  0.581
4695 5.5593  0.581
4700 5.5339  0.582
4705 5.4995  0.570
4710 5.4543  0.545
4715 5.3971  0.503
4720 5.3282  0.439
4725 5.2507  0.347
4730 5.1701  0.226
4735 5.0926  0.090
4740 5.0241 -0.035
4745 4.9689 -0.130
4750 4.9201 -0.169
4755 4.8552 -0.407
4760 4.8446 -0.467
4765 4.8512 -0.495
4770 4.8648 -0.472
4775 4.8944 -0.426
4780 4.9251 -0.341
4785 4.9485 -0.229
4790 4.9585 -0.112
4795 4.9513 -0.018
4800 4.9311  0.021
4805 4.8790  0.036
4810 4.8023  0.022
4815 4.7042 -0.012
4820 4.5910 -0.057
4825 4.4690 -0.111
4830 4.3432 -0.172
4835 4.2185 -0.236
4840 4.1004 -0.304
4845 3.9942 -0.375
4850 3.9037 -0.451
4855 3.8307 -0.526
4860 3.7708 -0.578
4865 3.7357 -0.616
4870 3.7179 -0.620
4875 3.7157 -0.590
4880 3.7350 -0.548
4885 3.7584 -0.474
4890 3.7891 -0.392
4895 3.8234 -0.315
4900 3.8586 -0.248
4905 3.8926 -0.195
4910 3.9231 -0.151
4915 3.9486 -0.110
4920 3.9682 -0.066
4925 3.9823 -0.019
4930 3.9912  0.025
4935 3.9947  0.055
4940 3.9918  0.062
4945 3.9815  0.042
4950 3.9635  0.001
4955 3.9397 -0.052
4960 4.0083 -0.299
4965 3.9864 -0.353
4970 3.9762 -0.418
4975 3.9786 -0.490
4980 3.9909 -0.563
4985 4.0100 -0.628
4990 4.0346 -0.681
4995 4.0646 -0.720
5000 4.0999 -0.749
5005 4.1397 -0.773
5010 4.1816 -0.795
5015 4.2238 -0.817
5020 4.2656 -0.842
5025 4.3091 -0.871
5030 4.3571 -0.901
5035 4.4122 -0.931
5040 4.4753 -0.959
5045 4.5446 -0.988
5050 4.6171 -1.022
5055 4.6905 -1.064
5060 4.7643 -1.114
5065 4.8388 -1.166
5070 4.9129 -1.210
5075 4.9846 -1.239
5080 5.0516 -1.254
5085 5.1123 -1.257
5090 5.1657 -1.251
5095 5.2115 -1.241
5100 5.2489 -1.227
5105 5.2761 -1.211
5110 5.2919 -1.191
5115 5.2963 -1.167
5120 5.2902 -1.142
5125 5.2753 -1.121
5130 5.2538 -1.110
5135 5.2286 -1.114
5140 5.2036 -1.130
5145 5.1816 -1.153
5150 5.1648 -1.173
5155 5.1544 -1.183
5160 5.1512 -1.180
5165 5.1560 -1.162
5170 5.1690 -1.132
5175 5.1883 -1.091
5180 5.2100 -1.038
5185 5.2284 -0.964
5190 5.2388 -0.864
5195 5.2377 -0.739
5200 5.2215 -0.599
5205 5.1869 -0.454
5210 5.1315 -0.314
5215 5.0537 -0.190
5220 4.9543 -0.094
5225 4.8359 -0.032
5230 4.7032 -0.002
5235 4.5618  0.003
5240 4.4180 -0.010
5245 4.2774 -0.038
5250 4.1455 -0.079
5255 4.0254 -0.128
5260 3.9202 -0.180
5265 3.8320 -0.231
5270 3.7624 -0.282
5275 3.7113 -0.333
5280 3.6771 -0.378
5285 3.6568 -0.413
5290 3.6465 -0.437
5295 3.6432 -0.453
5300 3.6452 -0.466
5305 3.6524 -0.483
5310 3.6659 -0.506
5315 3.6867 -0.533
5320 3.7154 -0.560
5325 3.7517 -0.584
5330 3.7948 -0.603
5335 3.8431 -0.617
5340 3.8936 -0.628
5345 3.9424 -0.640
5350 3.9850 -0.652
5355 4.0177 -0.665
5360 4.0384 -0.678
5365 4.0470 -0.686
5370 4.0445 -0.688
5375 4.0335 -0.685
5380 4.0163 -0.681
5385 3.9943 -0.682
5390 3.9679 -0.688
5395 3.9360 -0.698
5400 3.8974 -0.705
5405 3.8511 -0.707
5410 3.7972 -0.702
5415 3.7365 -0.694
5420 3.6708 -0.689
5425 3.6021 -0.694
5430 3.5333 -0.714
5435 3.4678 -0.747
5440 3.4097 -0.792
5445 3.3631 -0.846
5450 3.3310 -0.906
5455 3.3151 -0.970
5460 3.3161 -1.035
5465 3.3340 -1.098
5470 3.3681 -1.151
5475 3.4171 -1.189
5480 3.4792 -1.208
5485 3.5518 -1.209
5490 3.6316 -1.191
5495 3.7149 -1.157
5500 3.7984 -1.109
5505 3.8799 -1.048
5510 3.9579 -0.978
5515 4.0307 -0.902
5520 4.0971 -0.822
5525 4.1556 -0.739
5530 4.2056 -0.659
5535 4.2454 -0.585
5540 4.2736 -0.525
5545 4.2903 -0.483
5550 4.2971 -0.464
5555 4.2973 -0.470
5560 4.2956 -0.499
5565 4.2964 -0.544
5570 4.3026 -0.593
5575 4.3140 -0.636
5580 4.3287 -0.663
5585 4.3441 -0.673
5590 4.3575 -0.671
5595 4.3670 -0.663
5600 4.3715 -0.655
5605 4.3713 -0.650
5610 4.3675 -0.651
5615 4.3618 -0.660
5620 4.3556 -0.676
5625 4.3495 -0.694
5630 4.3434 -0.714
5635 4.3372 -0.736
5640 4.3305 -0.764
5645 4.3233 -0.795
5650 4.3153 -0.828
5655 4.3066 -0.856
5660 4.2974 -0.877
5665 4.2885 -0.890
5670 4.2807 -0.901
5675 4.2743 -0.911
5680 4.2684 -0.921
5685 4.2612 -0.931
5690 4.1584 -0.720
5695 4.1403 -0.727
