0.000000000000000000e+00
3.312500000000000167e-02
1.763061224489796130e-01
4.854800000000000781e-01
8.105882352941177205e-01
9.855961538461539551e-01
1.000000000000000000e+00
9.549814814814815422e-01
8.653454545454546398e-01
7.495714285714285552e-01
6.360000000000001208e-01
5.245172413793103283e-01
4.141186440677966374e-01
3.171166666666666578e-01
2.345901639344262490e-01
1.684032258064516174e-01
1.135714285714286009e-01
6.707812500000000233e-02
3.669230769230769074e-02
2.007575757575758013e-02
1.344776119402985373e-02
1.013235294117647081e-02
6.913043478260869935e-03
0.000000000000000000e+00
