4.700000000000000000e+03
4.800000000000000000e+03
4.900000000000000000e+03
5.000000000000000000e+03
5.100000000000000000e+03
5.200000000000000000e+03
5.300000000000000000e+03
5.400000000000000000e+03
5.500000000000000000e+03
5.600000000000000000e+03
5.700000000000000000e+03
5.800000000000000000e+03
5.900000000000000000e+03
6.000000000000000000e+03
6.100000000000000000e+03
6.200000000000000000e+03
6.300000000000000000e+03
6.400000000000000000e+03
6.500000000000000000e+03
6.600000000000000000e+03
6.700000000000000000e+03
6.800000000000000000e+03
6.900000000000000000e+03
7.000000000000000000e+03
