time mag magerr
-9.545414080672344 -1.0369938124069897 0.03298067524825344
-7.490469080672483 -1.0158262071364323 0.06130756551506951
-6.391952187065908 -0.9315939488505598 0.02721536973145389
-5.476204080670868 -0.9280859597732336 0.04905828076248939
-3.3595642579942555 -0.726925653444533 0.0376340654483639
-2.486964080675534 -0.7317638520063589 0.044314567581748864
1.951234650958213 -0.12268678193973521 0.0743406323289459
4.948884650955733 -0.05341140890878043 0.08559860479612064
15.287560919328826 -0.30445089520544066 0.05577785891106454
