#wavelength,transmission
13733	0.000546791
13734	0.000554235
13735	0.00056169
13736	0.000569142
13737	0.000576575
13738	0.000584011
13739	0.000591437
13740	0.00059888
13741	0.000606348
13742	0.00061382
13743	0.000621283
13744	0.000629405
13745	0.000639546
13746	0.000649664
13747	0.000659787
13748	0.000669898
13749	0.000680035
13750	0.000690138
13751	0.000700191
13752	0.000710229
13753	0.000720281
13754	0.000730318
13755	0.00074035
13756	0.000750377
13757	0.000760399
13758	0.000770426
13759	0.000780428
13760	0.000790435
13761	0.000800426
13762	0.000810433
13763	0.000820424
13764	0.000834896
13765	0.000863695
13766	0.000892479
13767	0.000921277
13768	0.000950005
13769	0.000978746
13770	0.001007445
13771	0.001036184
13772	0.001064882
13773	0.001093564
13774	0.001122204
13775	0.001150886
13776	0.001179524
13777	0.001208149
13778	0.001236759
13779	0.001265354
13780	0.001293935
13781	0.001322501
13782	0.001351053
13783	0.001379563
13784	0.001408747
13785	0.001439984
13786	0.001471205
13787	0.001502409
13788	0.001533598
13789	0.001564771
13790	0.001595928
13791	0.001627069
13792	0.001658164
13793	0.001689303
13794	0.001720398
13795	0.001751475
13796	0.001782536
13797	0.001813582
13798	0.001844612
13799	0.001875626
13800	0.001906624
13801	0.001937719
13802	0.001968801
13803	0.001999871
13804	0.002032021
13805	0.002067887
13806	0.002103738
13807	0.002139575
13808	0.0021754
13809	0.002211208
13810	0.002247003
13811	0.002282785
13812	0.002318552
13813	0.002354305
13814	0.002390008
13815	0.002425768
13816	0.002461478
13817	0.002497176
13818	0.002532859
13819	0.002568528
13820	0.002604181
13821	0.002639821
13822	0.002675449
13823	0.002711059
13824	0.002754889
13825	0.002827596
13826	0.002900277
13827	0.002972926
13828	0.003045549
13829	0.003118141
13830	0.003190706
13831	0.003264538
13832	0.0033384
13833	0.003412291
13834	0.003486212
13835	0.003560162
13836	0.003634214
13837	0.00370815
13838	0.00378219
13839	0.003856258
13840	0.003930357
13841	0.004004485
13842	0.004078641
13843	0.004152828
13844	0.004238255
13845	0.004364584
13846	0.004490717
13847	0.004617023
13848	0.00474338
13849	0.004869788
13850	0.004996245
13851	0.005123172
13852	0.00525017
13853	0.00537724
13854	0.005504382
13855	0.005631595
13856	0.00575888
13857	0.005886234
13858	0.006013785
13859	0.006141159
13860	0.006268729
13861	0.006395722
13862	0.006523013
13863	0.006650233
13864	0.006795818
13865	0.007009998
13866	0.007224265
13867	0.007438825
13868	0.007653052
13869	0.007867574
13870	0.008081972
13871	0.008296875
13872	0.008511653
13873	0.008726518
13874	0.008941256
13875	0.009156507
13876	0.009371835
13877	0.00958683
13878	0.009802124
13879	0.01001729
13880	0.01023318
13881	0.01044851
13882	0.01066415
13883	0.01087966
13884	0.01112652
13885	0.01149319
13886	0.0118593
13887	0.0122259
13888	0.0125923
13889	0.01295992
13890	0.0133266
13891	0.01369379
13892	0.01406077
13893	0.01442862
13894	0.01479625
13895	0.01516403
13896	0.01553195
13897	0.01589966
13898	0.01626859
13899	0.01663659
13900	0.0170051
13901	0.01737339
13902	0.01774291
13903	0.0181115
13904	0.01854534
13905	0.01923812
13906	0.01993049
13907	0.02062517
13908	0.02131809
13909	0.02201197
13910	0.02270544
13911	0.02340122
13912	0.02409524
13913	0.02479022
13914	0.02548479
13915	0.026181
13916	0.02687748
13917	0.02757289
13918	0.02826923
13919	0.0289652
13920	0.02966346
13921	0.03035996
13922	0.03105742
13923	0.03175448
13924	0.03261497
13925	0.03414748
13926	0.0356776
13927	0.03720983
13928	0.03874118
13929	0.04027762
13930	0.04181015
13931	0.04334483
13932	0.04487859
13933	0.04641597
13934	0.04795247
13935	0.04948957
13936	0.05102728
13937	0.0525656
13938	0.054106
13939	0.05564404
13940	0.0571842
13941	0.05872341
13942	0.06026627
13943	0.06180823
13944	0.06354808
13945	0.06613269
13946	0.06871832
13947	0.07130753
13948	0.07389271
13949	0.0764814
13950	0.07906861
13951	0.08166191
13952	0.08425374
13953	0.08684653
13954	0.08944033
13955	0.09203521
13956	0.09463111
13957	0.097228
13958	0.09982594
13959	0.1024249
13960	0.1050249
13961	0.1076259
13962	0.1102279
13963	0.1128284
13964	0.1157663
13965	0.120186
13966	0.1246075
13967	0.1290306
13968	0.1334556
13969	0.1378822
13970	0.1423107
13971	0.1467408
13972	0.1511684
13973	0.1556064
13974	0.1600419
13975	0.1644789
13976	0.1689179
13977	0.1733585
13978	0.1778009
13979	0.182245
13980	0.1866909
13981	0.1911385
13982	0.1955879
13983	0.200039
13984	0.204752
13985	0.2106698
13986	0.21659
13987	0.2225125
13988	0.2284374
13989	0.2343645
13990	0.240294
13991	0.2462259
13992	0.2521601
13993	0.2580966
13994	0.2640412
13995	0.2699765
13996	0.27592
13997	0.2818658
13998	0.287814
13999	0.2937644
14000	0.2997173
14001	0.3056425
14002	0.3115689
14003	0.3174965
14004	0.3232199
14005	0.3279611
14006	0.3327034
14007	0.3374466
14008	0.3421909
14009	0.3469359
14010	0.351682
14011	0.3564289
14012	0.3611769
14013	0.3659256
14014	0.3706755
14015	0.3754262
14016	0.3801825
14017	0.3849305
14018	0.3896839
14019	0.3944384
14020	0.3991939
14021	0.4039502
14022	0.4087075
14023	0.4134658
14024	0.4179338
14025	0.4209537
14026	0.4239681
14027	0.4269862
14028	0.430005
14029	0.4330242
14030	0.436044
14031	0.4390644
14032	0.4420855
14033	0.4451071
14034	0.4481322
14035	0.4511521
14036	0.4541756
14037	0.4571996
14038	0.4602271
14039	0.4632492
14040	0.4662751
14041	0.4692985
14042	0.4723284
14043	0.4753559
14044	0.4780594
14045	0.4790849
14046	0.4801106
14047	0.4811375
14048	0.4821626
14049	0.4831889
14050	0.4842144
14051	0.4852421
14052	0.4862689
14053	0.4872961
14054	0.4883234
14055	0.4893509
14056	0.4903795
14057	0.4914065
14058	0.4924344
14059	0.4934617
14060	0.4944922
14061	0.4955199
14062	0.4965487
14063	0.4975768
14064	0.498477
14065	0.4986759
14066	0.498874
14067	0.4990727
14068	0.499271
14069	0.4994698
14070	0.4996684
14071	0.4999078
14072	0.5001473
14073	0.5003871
14074	0.500627
14075	0.5008667
14076	0.5011064
14077	0.5013461
14078	0.5015864
14079	0.5018263
14080	0.5020664
14081	0.5022653
14082	0.5024648
14083	0.5026639
14084	0.5028313
14085	0.50282
14086	0.5028089
14087	0.5027977
14088	0.5027866
14089	0.5027755
14090	0.5027642
14091	0.5027529
14092	0.5027416
14093	0.5027304
14094	0.5027192
14095	0.5027079
14096	0.5026966
14097	0.5026854
14098	0.5026742
14099	0.5026628
14100	0.5026514
14101	0.5026401
14102	0.5026288
14103	0.5026174
14104	0.5025983
14105	0.5025342
14106	0.5024702
14107	0.502406
14108	0.5023419
14109	0.5022777
14110	0.5022137
14111	0.5021494
14112	0.5020853
14113	0.502021
14114	0.5019568
14115	0.5018926
14116	0.5018281
14117	0.5017639
14118	0.5016996
14119	0.501635
14120	0.5015708
14121	0.5015063
14122	0.5014418
14123	0.5013773
14124	0.5013326
14125	0.5014099
14126	0.5014872
14127	0.5015644
14128	0.5016418
14129	0.5017189
14130	0.5017961
14131	0.5018736
14132	0.5019508
14133	0.5020279
14134	0.5021054
14135	0.5021828
14136	0.5022601
14137	0.5023376
14138	0.5024148
14139	0.5024921
14140	0.5025696
14141	0.502647
14142	0.5027245
14143	0.5028017
14144	0.5028908
14145	0.5030546
14146	0.5032182
14147	0.5033818
14148	0.5035458
14149	0.5037094
14150	0.5038735
14151	0.5040374
14152	0.5042011
14153	0.504365
14154	0.504529
14155	0.5046928
14156	0.5048569
14157	0.5050207
14158	0.505185
14159	0.5053492
14160	0.5055133
14161	0.5056772
14162	0.5058414
14163	0.5060056
14164	0.506188
14165	0.5064945
14166	0.5068012
14167	0.5071079
14168	0.5074146
14169	0.5077214
14170	0.5080282
14171	0.5083349
14172	0.5086417
14173	0.5089488
14174	0.5092561
14175	0.5095627
14176	0.5098698
14177	0.510177
14178	0.510484
14179	0.5107914
14180	0.5110986
14181	0.5114061
14182	0.5117134
14183	0.5120211
14184	0.5123452
14185	0.5127869
14186	0.5132287
14187	0.5136707
14188	0.5141127
14189	0.5145547
14190	0.5149969
14191	0.5153969
14192	0.5157971
14193	0.5161972
14194	0.5165976
14195	0.5169978
14196	0.5173982
14197	0.5177979
14198	0.518198
14199	0.5185981
14200	0.5189983
14201	0.5193937
14202	0.5197892
14203	0.5201846
14204	0.520586
14205	0.5210323
14206	0.5214777
14207	0.5219236
14208	0.5223693
14209	0.5228152
14210	0.5232611
14211	0.5237069
14212	0.5241528
14213	0.5245987
14214	0.525045
14215	0.5254904
14216	0.5259363
14217	0.5263822
14218	0.5268285
14219	0.5272741
14220	0.5277199
14221	0.5281654
14222	0.5286118
14223	0.5290577
14224	0.5294985
14225	0.5298997
14226	0.5303008
14227	0.5307024
14228	0.5311033
14229	0.5315044
14230	0.5319051
14231	0.5323067
14232	0.532708
14233	0.5331092
14234	0.5335103
14235	0.5339115
14236	0.5343132
14237	0.5347139
14238	0.5351151
14239	0.5355159
14240	0.535918
14241	0.5363188
14242	0.53672
14243	0.537121
14244	0.5375087
14245	0.5377815
14246	0.5380538
14247	0.5383263
14248	0.5385985
14249	0.5388717
14250	0.539144
14251	0.5394164
14252	0.5396888
14253	0.5399615
14254	0.5402343
14255	0.5405067
14256	0.5407791
14257	0.5410516
14258	0.5413245
14259	0.5415969
14260	0.5418694
14261	0.5421418
14262	0.542415
14263	0.5426872
14264	0.542953
14265	0.5431584
14266	0.5433635
14267	0.5435695
14268	0.5437745
14269	0.54398
14270	0.5441854
14271	0.5443911
14272	0.5445963
14273	0.5448017
14274	0.5450071
14275	0.5452124
14276	0.5454184
14277	0.5456235
14278	0.5458289
14279	0.5460342
14280	0.5462399
14281	0.5464454
14282	0.5466507
14283	0.5468561
14284	0.5470464
14285	0.5470923
14286	0.5471381
14287	0.5471841
14288	0.5472299
14289	0.5472758
14290	0.5473217
14291	0.5473677
14292	0.5474135
14293	0.5474594
14294	0.5475054
14295	0.5475512
14296	0.5475972
14297	0.547643
14298	0.547689
14299	0.5477349
14300	0.5477808
14301	0.5478266
14302	0.5478725
14303	0.5479183
14304	0.5479606
14305	0.5479674
14306	0.5479739
14307	0.5479807
14308	0.5479875
14309	0.5479941
14310	0.5480008
14311	0.5480075
14312	0.5480143
14313	0.5480208
14314	0.5480278
14315	0.5480345
14316	0.548041
14317	0.5480478
14318	0.5480546
14319	0.5480612
14320	0.548068
14321	0.5480745
14322	0.5480813
14323	0.5480879
14324	0.5480956
14325	0.5481134
14326	0.5481314
14327	0.5481493
14328	0.548167
14329	0.5481848
14330	0.5482028
14331	0.5482207
14332	0.5482386
14333	0.5482564
14334	0.5482744
14335	0.5482923
14336	0.5483102
14337	0.5483283
14338	0.5483459
14339	0.5483639
14340	0.5483818
14341	0.5483998
14342	0.5484176
14343	0.5484354
14344	0.5484527
14345	0.5484622
14346	0.5484717
14347	0.5484811
14348	0.5484905
14349	0.5484999
14350	0.5485094
14351	0.548519
14352	0.5485284
14353	0.5485379
14354	0.5485473
14355	0.5485567
14356	0.5485661
14357	0.5485757
14358	0.5485854
14359	0.548595
14360	0.5486044
14361	0.5486137
14362	0.5486233
14363	0.5486327
14364	0.5486457
14365	0.5487027
14366	0.5487598
14367	0.548817
14368	0.5488741
14369	0.5489314
14370	0.5489882
14371	0.5490454
14372	0.5491024
14373	0.5491594
14374	0.5492166
14375	0.5492738
14376	0.5493307
14377	0.5493879
14378	0.5494449
14379	0.549502
14380	0.549559
14381	0.549616
14382	0.5496731
14383	0.5497305
14384	0.5497881
14385	0.5498537
14386	0.5499192
14387	0.5499846
14388	0.55005
14389	0.5501156
14390	0.550181
14391	0.5502015
14392	0.5502219
14393	0.5502424
14394	0.5502629
14395	0.5502836
14396	0.5503041
14397	0.5503244
14398	0.5503449
14399	0.5503652
14400	0.5503857
14401	0.5504407
14402	0.5504959
14403	0.5505507
14404	0.5506039
14405	0.5506308
14406	0.5506581
14407	0.5506849
14408	0.550712
14409	0.550739
14410	0.550766
14411	0.5507932
14412	0.5508199
14413	0.5508471
14414	0.5508741
14415	0.5509011
14416	0.5509281
14417	0.5509551
14418	0.5509821
14419	0.5510091
14420	0.5510361
14421	0.5510631
14422	0.5510901
14423	0.5511169
14424	0.5511434
14425	0.5511592
14426	0.5511751
14427	0.5511908
14428	0.5512066
14429	0.5512224
14430	0.5512382
14431	0.5512539
14432	0.5512697
14433	0.5512857
14434	0.5513014
14435	0.5513173
14436	0.5513331
14437	0.5513488
14438	0.5513646
14439	0.5513803
14440	0.5513962
14441	0.551412
14442	0.5514279
14443	0.5514435
14444	0.551459
14445	0.5514693
14446	0.5514796
14447	0.5514897
14448	0.5514999
14449	0.55151
14450	0.5515202
14451	0.5515303
14452	0.5515406
14453	0.5515508
14454	0.551561
14455	0.5515712
14456	0.5515814
14457	0.5515915
14458	0.5516016
14459	0.551612
14460	0.5516222
14461	0.5516323
14462	0.5516425
14463	0.5516528
14464	0.551658
14465	0.5515704
14466	0.5514827
14467	0.5513951
14468	0.5513074
14469	0.5512194
14470	0.5511319
14471	0.5510442
14472	0.5509565
14473	0.5508686
14474	0.5507809
14475	0.5506933
14476	0.5506056
14477	0.5505181
14478	0.5504301
14479	0.5503425
14480	0.5502548
14481	0.5501672
14482	0.5500794
14483	0.5499918
14484	0.5499026
14485	0.5497842
14486	0.5496657
14487	0.5495473
14488	0.5494291
14489	0.5493103
14490	0.5491922
14491	0.5490737
14492	0.5489551
14493	0.5488368
14494	0.5487182
14495	0.5485998
14496	0.5484812
14497	0.548363
14498	0.5482446
14499	0.5481262
14500	0.5480077
14501	0.5478701
14502	0.5477324
14503	0.5475948
14504	0.5474557
14505	0.5472819
14506	0.5471079
14507	0.5469341
14508	0.5467601
14509	0.5465862
14510	0.5464124
14511	0.5462834
14512	0.5461545
14513	0.5460251
14514	0.5458959
14515	0.5457668
14516	0.5456378
14517	0.5455085
14518	0.5453795
14519	0.5452503
14520	0.545121
14521	0.5449917
14522	0.5448626
14523	0.5447332
14524	0.5446048
14525	0.5445035
14526	0.5444022
14527	0.5443009
14528	0.5441996
14529	0.5440981
14530	0.5439968
14531	0.5438955
14532	0.5437943
14533	0.5436928
14534	0.5435914
14535	0.5434899
14536	0.5433887
14537	0.5432873
14538	0.5431859
14539	0.5430844
14540	0.5429831
14541	0.5428818
14542	0.5427803
14543	0.5426791
14544	0.5425776
14545	0.5424818
14546	0.5423858
14547	0.5422899
14548	0.5421939
14549	0.542098
14550	0.5420021
14551	0.5419064
14552	0.5418106
14553	0.5417144
14554	0.5416185
14555	0.5415224
14556	0.5414266
14557	0.5413306
14558	0.541235
14559	0.5411389
14560	0.5410429
14561	0.5409468
14562	0.5408509
14563	0.540755
14564	0.54066
14565	0.5406172
14566	0.5405742
14567	0.5405313
14568	0.5404888
14569	0.5404461
14570	0.5404032
14571	0.540316
14572	0.5402289
14573	0.5401418
14574	0.5400547
14575	0.5399676
14576	0.5398805
14577	0.5397933
14578	0.5397062
14579	0.5396193
14580	0.5395322
14581	0.5394892
14582	0.5394465
14583	0.5394039
14584	0.5393622
14585	0.5394005
14586	0.5394388
14587	0.5394771
14588	0.5395153
14589	0.5395536
14590	0.5395919
14591	0.5396302
14592	0.5396686
14593	0.5397069
14594	0.5397455
14595	0.5397838
14596	0.5398222
14597	0.5398604
14598	0.5398987
14599	0.539937
14600	0.5399753
14601	0.540008
14602	0.5400402
14603	0.5400726
14604	0.5401055
14605	0.540208
14606	0.5403103
14607	0.5404128
14608	0.5405151
14609	0.5406176
14610	0.5407202
14611	0.5408225
14612	0.5409249
14613	0.5410272
14614	0.5411298
14615	0.5412323
14616	0.5413347
14617	0.5414371
14618	0.5415397
14619	0.5416421
14620	0.5417446
14621	0.541847
14622	0.5419497
14623	0.5420521
14624	0.5421546
14625	0.5422851
14626	0.5424156
14627	0.5425464
14628	0.5426768
14629	0.5428073
14630	0.5429377
14631	0.5430685
14632	0.543199
14633	0.5433294
14634	0.5434601
14635	0.5435905
14636	0.5437213
14637	0.5438519
14638	0.5439824
14639	0.5441128
14640	0.5442438
14641	0.5443297
14642	0.5444157
14643	0.5445015
14644	0.5445874
14645	0.5447043
14646	0.5448209
14647	0.5449376
14648	0.5450542
14649	0.5451711
14650	0.5452877
14651	0.5454491
14652	0.5456103
14653	0.5457718
14654	0.5459334
14655	0.5460947
14656	0.546256
14657	0.5464174
14658	0.5465791
14659	0.5467403
14660	0.5469019
14661	0.5470631
14662	0.5472248
14663	0.5473862
14664	0.5475476
14665	0.5476729
14666	0.547798
14667	0.5479231
14668	0.5480481
14669	0.5481732
14670	0.5482982
14671	0.5484233
14672	0.5485485
14673	0.5486735
14674	0.5487986
14675	0.5489237
14676	0.5490486
14677	0.549174
14678	0.549299
14679	0.5494239
14680	0.5495493
14681	0.5496745
14682	0.5497995
14683	0.5499246
14684	0.5500498
14685	0.5501223
14686	0.5501941
14687	0.550266
14688	0.5503378
14689	0.5504096
14690	0.5504814
14691	0.5505534
14692	0.5506252
14693	0.5506973
14694	0.5507692
14695	0.550841
14696	0.5509128
14697	0.5509847
14698	0.5510566
14699	0.5511285
14700	0.5512004
14701	0.551227
14702	0.5512537
14703	0.5512803
14704	0.5513071
14705	0.551251
14706	0.5511935
14707	0.5511361
14708	0.5510785
14709	0.551021
14710	0.5509637
14711	0.5509514
14712	0.550939
14713	0.5509267
14714	0.5509146
14715	0.5509023
14716	0.5508903
14717	0.5508779
14718	0.5508655
14719	0.5508533
14720	0.5508411
14721	0.5508288
14722	0.5508164
14723	0.5508041
14724	0.5507918
14725	0.5507084
14726	0.5506232
14727	0.5505378
14728	0.5504528
14729	0.5503672
14730	0.5502821
14731	0.5501968
14732	0.5501117
14733	0.5500264
14734	0.5499412
14735	0.5498559
14736	0.5497708
14737	0.5496857
14738	0.5496003
14739	0.5495149
14740	0.5494297
14741	0.5493447
14742	0.5492593
14743	0.549174
14744	0.5490888
14745	0.5489543
14746	0.5488186
14747	0.5486826
14748	0.5485468
14749	0.548411
14750	0.5482752
14751	0.5480942
14752	0.5479136
14753	0.5477326
14754	0.5475516
14755	0.5473708
14756	0.5471901
14757	0.5470093
14758	0.5468287
14759	0.5466479
14760	0.5464673
14761	0.5463316
14762	0.5461956
14763	0.5460596
14764	0.5459238
14765	0.5456769
14766	0.5454261
14767	0.5451749
14768	0.5449244
14769	0.5446736
14770	0.5444227
14771	0.5441718
14772	0.5439207
14773	0.5436698
14774	0.5434187
14775	0.5431678
14776	0.5429164
14777	0.5426658
14778	0.5424146
14779	0.5421638
14780	0.5419126
14781	0.5416614
14782	0.5414104
14783	0.5411595
14784	0.5409083
14785	0.5406976
14786	0.5404887
14787	0.5402797
14788	0.5400708
14789	0.5398613
14790	0.5396524
14791	0.539399
14792	0.5391461
14793	0.5388923
14794	0.5386388
14795	0.5383861
14796	0.5381327
14797	0.5378796
14798	0.537626
14799	0.5373728
14800	0.5371197
14801	0.5369054
14802	0.5366909
14803	0.5364763
14804	0.5362622
14805	0.5360557
14806	0.5358499
14807	0.5356435
14808	0.5354377
14809	0.5352316
14810	0.5350258
14811	0.5348193
14812	0.5346135
14813	0.5344073
14814	0.5342014
14815	0.5339956
14816	0.5337889
14817	0.533583
14818	0.5333771
14819	0.5331711
14820	0.5329645
14821	0.5327587
14822	0.5325525
14823	0.5323465
14824	0.5321405
14825	0.5319501
14826	0.5317609
14827	0.5315717
14828	0.5313825
14829	0.5311929
14830	0.5310037
14831	0.5307707
14832	0.530538
14833	0.5303048
14834	0.5300719
14835	0.529839
14836	0.5296062
14837	0.5293735
14838	0.5291405
14839	0.5289078
14840	0.5286753
14841	0.5284862
14842	0.5282966
14843	0.5281073
14844	0.5279182
14845	0.5278323
14846	0.5277525
14847	0.5276724
14848	0.5275926
14849	0.5275128
14850	0.527433
14851	0.527353
14852	0.527273
14853	0.5271931
14854	0.5271133
14855	0.5270335
14856	0.5269535
14857	0.5268736
14858	0.5267938
14859	0.5267139
14860	0.5266339
14861	0.526554
14862	0.5264741
14863	0.5263941
14864	0.5263143
14865	0.5262895
14866	0.5262687
14867	0.5262476
14868	0.5262267
14869	0.5262055
14870	0.5261847
14871	0.5261205
14872	0.5260561
14873	0.5259917
14874	0.5259272
14875	0.525863
14876	0.5257987
14877	0.5257345
14878	0.5256703
14879	0.5256059
14880	0.5255417
14881	0.5255206
14882	0.5254995
14883	0.5254787
14884	0.5254576
14885	0.5255019
14886	0.525551
14887	0.5256001
14888	0.5256491
14889	0.5256984
14890	0.5257474
14891	0.5257965
14892	0.5258455
14893	0.5258948
14894	0.5259437
14895	0.5259929
14896	0.5260419
14897	0.5260912
14898	0.5261402
14899	0.5261893
14900	0.5262385
14901	0.5262876
14902	0.5263367
14903	0.5263857
14904	0.5264347
14905	0.5265513
14906	0.5266735
14907	0.5267954
14908	0.5269175
14909	0.5270395
14910	0.5271619
14911	0.5272404
14912	0.5273188
14913	0.5273976
14914	0.5274761
14915	0.5275545
14916	0.5276332
14917	0.5277117
14918	0.52779
14919	0.5278687
14920	0.5279472
14921	0.5280691
14922	0.5281909
14923	0.528313
14924	0.5284348
14925	0.5285751
14926	0.5287166
14927	0.5288581
14928	0.5289997
14929	0.5291412
14930	0.529283
14931	0.5294246
14932	0.5295662
14933	0.5297079
14934	0.5298496
14935	0.5299911
14936	0.5301329
14937	0.5302745
14938	0.530416
14939	0.5305578
14940	0.5306994
14941	0.5308411
14942	0.5309829
14943	0.5311247
14944	0.5312663
14945	0.5314646
14946	0.5316678
14947	0.5318714
14948	0.5320745
14949	0.5322778
14950	0.532481
14951	0.5326407
14952	0.5328
14953	0.5329595
14954	0.5331188
14955	0.5332781
14956	0.5334376
14957	0.5335967
14958	0.5337561
14959	0.5339153
14960	0.5340747
14961	0.5342779
14962	0.5344812
14963	0.5346845
14964	0.5348877
14965	0.5350859
14966	0.5352835
14967	0.5354812
14968	0.5356789
14969	0.5358769
14970	0.5360744
14971	0.5362722
14972	0.5364696
14973	0.5366675
14974	0.5368654
14975	0.5370629
14976	0.5372605
14977	0.5374582
14978	0.5376561
14979	0.5378537
14980	0.5380515
14981	0.5382047
14982	0.5383582
14983	0.5385116
14984	0.5386648
14985	0.5387977
14986	0.5389283
14987	0.5390593
14988	0.53919
14989	0.5393206
14990	0.5394512
14991	0.5396268
14992	0.5398018
14993	0.539977
14994	0.5401525
14995	0.5403274
14996	0.5405033
14997	0.5406783
14998	0.5408534
14999	0.5410286
15000	0.5412042
15001	0.5413533
15002	0.5415025
15003	0.541652
15004	0.5418013
15005	0.5419331
15006	0.5420625
15007	0.5421923
15008	0.5423217
15009	0.5424517
15010	0.5425811
15011	0.542666
15012	0.5427507
15013	0.5428355
15014	0.5429202
15015	0.5430048
15016	0.5430896
15017	0.5431741
15018	0.5432588
15019	0.5433434
15020	0.5434279
15021	0.5435571
15022	0.5436866
15023	0.5438162
15024	0.5439454
15025	0.5440548
15026	0.5441617
15027	0.5442689
15028	0.5443758
15029	0.5444828
15030	0.5445896
15031	0.5446967
15032	0.5448037
15033	0.5449107
15034	0.5450176
15035	0.5451245
15036	0.5452315
15037	0.5453384
15038	0.5454453
15039	0.5455521
15040	0.5456591
15041	0.5457208
15042	0.5457826
15043	0.5458443
15044	0.5459059
15045	0.5459204
15046	0.5459291
15047	0.5459376
15048	0.5459462
15049	0.5459548
15050	0.5459632
15051	0.5460168
15052	0.5460706
15053	0.5461243
15054	0.546178
15055	0.5462316
15056	0.5462853
15057	0.5463389
15058	0.5463925
15059	0.5464461
15060	0.5464998
15061	0.5465533
15062	0.5466071
15063	0.5466608
15064	0.5467144
15065	0.5467728
15066	0.546832
15067	0.5468912
15068	0.5469505
15069	0.5470096
15070	0.5470687
15071	0.5470826
15072	0.5470966
15073	0.5471104
15074	0.5471244
15075	0.5471382
15076	0.5471519
15077	0.5471659
15078	0.5471796
15079	0.5471936
15080	0.5472072
15081	0.5472662
15082	0.5473254
15083	0.5473844
15084	0.5474434
15085	0.5474756
15086	0.547504
15087	0.5475324
15088	0.5475608
15089	0.5475892
15090	0.5476177
15091	0.5476459
15092	0.5476742
15093	0.5477026
15094	0.547731
15095	0.5477593
15096	0.5477879
15097	0.547816
15098	0.5478444
15099	0.5478729
15100	0.5479012
15101	0.5478842
15102	0.5478672
15103	0.5478501
15104	0.5478331
15105	0.5477893
15106	0.5477417
15107	0.5476941
15108	0.5476463
15109	0.5475987
15110	0.5475512
15111	0.5475488
15112	0.5475465
15113	0.5475442
15114	0.547542
15115	0.5475397
15116	0.5475376
15117	0.5475349
15118	0.5475329
15119	0.5475306
15120	0.5475283
15121	0.5475259
15122	0.5475236
15123	0.5475213
15124	0.547519
15125	0.5474998
15126	0.547478
15127	0.5474563
15128	0.5474346
15129	0.5474126
15130	0.547391
15131	0.5473238
15132	0.5472567
15133	0.5471895
15134	0.5471225
15135	0.5470556
15136	0.5469884
15137	0.5469214
15138	0.5468543
15139	0.5467873
15140	0.5467203
15141	0.5466986
15142	0.5466768
15143	0.546655
15144	0.5466333
15145	0.5465684
15146	0.5464969
15147	0.546425
15148	0.5463535
15149	0.5462818
15150	0.5462101
15151	0.5461383
15152	0.5460666
15153	0.545995
15154	0.5459232
15155	0.5458516
15156	0.5457801
15157	0.5457085
15158	0.5456367
15159	0.5455653
15160	0.5454938
15161	0.5453769
15162	0.5452599
15163	0.5451429
15164	0.5450264
15165	0.5448667
15166	0.5447001
15167	0.5445331
15168	0.544367
15169	0.5442002
15170	0.5440339
15171	0.5439123
15172	0.543791
15173	0.5436696
15174	0.5435482
15175	0.5434271
15176	0.5433052
15177	0.543184
15178	0.5430626
15179	0.5429416
15180	0.54282
15181	0.5426537
15182	0.5424874
15183	0.5423211
15184	0.5421552
15185	0.541984
15186	0.5418124
15187	0.5416405
15188	0.5414688
15189	0.5412969
15190	0.5411254
15191	0.5409987
15192	0.5408722
15193	0.5407453
15194	0.5406186
15195	0.5404922
15196	0.5403656
15197	0.5402391
15198	0.5401123
15199	0.5399857
15200	0.5398591
15201	0.5397282
15202	0.5395972
15203	0.5394658
15204	0.539335
15205	0.5391853
15206	0.5390323
15207	0.538879
15208	0.5387261
15209	0.5385728
15210	0.53842
15211	0.5382221
15212	0.5380243
15213	0.5378267
15214	0.5376289
15215	0.5374314
15216	0.5372337
15217	0.5370362
15218	0.5368387
15219	0.5366415
15220	0.5364439
15221	0.5362911
15222	0.5361382
15223	0.5359854
15224	0.5358326
15225	0.5356472
15226	0.5354561
15227	0.5352646
15228	0.5350734
15229	0.5348818
15230	0.5346905
15231	0.5344547
15232	0.5342194
15233	0.5339835
15234	0.5337477
15235	0.5335124
15236	0.5332767
15237	0.5330414
15238	0.5328059
15239	0.5325707
15240	0.5323352
15241	0.5321444
15242	0.5319532
15243	0.5317623
15244	0.5315712
15245	0.5313527
15246	0.5311288
15247	0.5309047
15248	0.5306808
15249	0.5304569
15250	0.5302332
15251	0.530009
15252	0.5297851
15253	0.5295612
15254	0.5293373
15255	0.5291135
15256	0.5288896
15257	0.5286658
15258	0.5284422
15259	0.5282183
15260	0.5279946
15261	0.5277269
15262	0.5274593
15263	0.5271919
15264	0.5269243
15265	0.5266569
15266	0.5263895
15267	0.5261221
15268	0.525855
15269	0.5255877
15270	0.5253205
15271	0.5250973
15272	0.524874
15273	0.5246503
15274	0.5244273
15275	0.5242038
15276	0.5239806
15277	0.5237573
15278	0.5235341
15279	0.5233108
15280	0.5230876
15281	0.522821
15282	0.5225542
15283	0.5222878
15284	0.5220211
15285	0.5217727
15286	0.5215283
15287	0.5212838
15288	0.5210395
15289	0.5207953
15290	0.520551
15291	0.5203501
15292	0.5201492
15293	0.5199484
15294	0.5197476
15295	0.5195469
15296	0.5193461
15297	0.5191451
15298	0.5189446
15299	0.5187437
15300	0.518543
15301	0.5182995
15302	0.5180553
15303	0.5178112
15304	0.5175677
15305	0.5173488
15306	0.5171353
15307	0.5169219
15308	0.5167084
15309	0.5164951
15310	0.516282
15311	0.5161117
15312	0.5159413
15313	0.5157712
15314	0.515601
15315	0.5154307
15316	0.5152605
15317	0.5150906
15318	0.5149206
15319	0.5147504
15320	0.5145802
15321	0.5143672
15322	0.5141541
15323	0.5139412
15324	0.5137284
15325	0.5135733
15326	0.513432
15327	0.5132904
15328	0.5131488
15329	0.513007
15330	0.5128656
15331	0.512767
15332	0.5126684
15333	0.5125697
15334	0.5124708
15335	0.5123724
15336	0.5122737
15337	0.5121751
15338	0.5120765
15339	0.5119778
15340	0.5118793
15341	0.5117381
15342	0.5115967
15343	0.5114554
15344	0.5113143
15345	0.5112193
15346	0.5111356
15347	0.5110515
15348	0.5109678
15349	0.510884
15350	0.5108004
15351	0.5107591
15352	0.5107179
15353	0.5106768
15354	0.5106357
15355	0.5105946
15356	0.5105534
15357	0.5105125
15358	0.5104716
15359	0.5104304
15360	0.5103893
15361	0.5103481
15362	0.5103071
15363	0.510266
15364	0.5102249
15365	0.5102322
15366	0.510251
15367	0.5102699
15368	0.5102891
15369	0.5103083
15370	0.5103271
15371	0.5103034
15372	0.5102797
15373	0.510256
15374	0.5102324
15375	0.5102086
15376	0.510185
15377	0.5101613
15378	0.5101376
15379	0.5101138
15380	0.5100901
15381	0.510109
15382	0.5101279
15383	0.5101467
15384	0.510166
15385	0.5102434
15386	0.5103358
15387	0.5104286
15388	0.510521
15389	0.5106133
15390	0.5107057
15391	0.5107557
15392	0.5108052
15393	0.510855
15394	0.510905
15395	0.5109546
15396	0.5110043
15397	0.5110538
15398	0.5111033
15399	0.5111528
15400	0.5112023
15401	0.5112973
15402	0.5113921
15403	0.5114872
15404	0.511582
15405	0.5117136
15406	0.5118547
15407	0.5119959
15408	0.5121368
15409	0.512278
15410	0.512419
15411	0.5125172
15412	0.5126153
15413	0.5127136
15414	0.5128116
15415	0.5129097
15416	0.5130078
15417	0.5131057
15418	0.5132036
15419	0.5133014
15420	0.5133994
15421	0.51354
15422	0.5136809
15423	0.513822
15424	0.5139626
15425	0.5141142
15426	0.5142685
15427	0.5144227
15428	0.5145771
15429	0.5147314
15430	0.5148855
15431	0.5149967
15432	0.5151079
15433	0.515219
15434	0.5153301
15435	0.5154411
15436	0.515552
15437	0.515663
15438	0.5157738
15439	0.5158846
15440	0.5159955
15441	0.5161495
15442	0.5163037
15443	0.5164576
15444	0.5166117
15445	0.5167804
15446	0.5169534
15447	0.5171263
15448	0.5172994
15449	0.5174722
15450	0.5176451
15451	0.5177747
15452	0.5179039
15453	0.5180335
15454	0.5181629
15455	0.5182922
15456	0.5184216
15457	0.5185507
15458	0.5186802
15459	0.5188091
15460	0.5189382
15461	0.5190672
15462	0.5191963
15463	0.5193253
15464	0.5194542
15465	0.5195894
15466	0.5197264
15467	0.5198634
15468	0.52
15469	0.5201369
15470	0.5202737
15471	0.5204541
15472	0.5206345
15473	0.5208148
15474	0.5209954
15475	0.5211756
15476	0.521356
15477	0.5215364
15478	0.5217166
15479	0.5218969
15480	0.5220771
15481	0.5222133
15482	0.52235
15483	0.5224864
15484	0.5226227
15485	0.5227027
15486	0.5227661
15487	0.5228292
15488	0.5228924
15489	0.5229556
15490	0.5230187
15491	0.5231258
15492	0.5232331
15493	0.52334
15494	0.523447
15495	0.5235541
15496	0.5236613
15497	0.5237682
15498	0.5238752
15499	0.5239821
15500	0.5240893
15501	0.5241662
15502	0.5242432
15503	0.5243203
15504	0.5243972
15505	0.5244369
15506	0.5244653
15507	0.5244935
15508	0.5245218
15509	0.52455
15510	0.5245785
15511	0.5246508
15512	0.5247232
15513	0.5247955
15514	0.524868
15515	0.5249405
15516	0.5250128
15517	0.5250852
15518	0.5251577
15519	0.52523
15520	0.5253023
15521	0.5253305
15522	0.5253585
15523	0.5253868
15524	0.5254149
15525	0.5254226
15526	0.5254238
15527	0.5254248
15528	0.5254261
15529	0.5254269
15530	0.5254282
15531	0.5254734
15532	0.525519
15533	0.5255643
15534	0.5256096
15535	0.525655
15536	0.5257004
15537	0.5257459
15538	0.525791
15539	0.5258365
15540	0.5258818
15541	0.525883
15542	0.525884
15543	0.525885
15544	0.5258861
15545	0.525879
15546	0.5258694
15547	0.5258595
15548	0.5258496
15549	0.52584
15550	0.5258301
15551	0.5258204
15552	0.5258105
15553	0.5258008
15554	0.525791
15555	0.5257812
15556	0.5257713
15557	0.5257617
15558	0.5257515
15559	0.5257419
15560	0.525732
15561	0.5257666
15562	0.5258008
15563	0.5258355
15564	0.5258699
15565	0.5258682
15566	0.5258542
15567	0.5258403
15568	0.5258265
15569	0.5258126
15570	0.5257987
15571	0.5257405
15572	0.5256822
15573	0.5256239
15574	0.5255656
15575	0.5255074
15576	0.5254492
15577	0.5253907
15578	0.5253326
15579	0.5252743
15580	0.5252162
15581	0.5252023
15582	0.5251883
15583	0.5251747
15584	0.5251606
15585	0.5251607
15586	0.5251657
15587	0.5251704
15588	0.5251754
15589	0.5251802
15590	0.5251851
15591	0.5251456
15592	0.5251063
15593	0.5250669
15594	0.5250275
15595	0.5249882
15596	0.5249488
15597	0.5249093
15598	0.52487
15599	0.5248302
15600	0.5247909
15601	0.524793
15602	0.5247953
15603	0.5247972
15604	0.5247993
15605	0.5247896
15606	0.5247756
15607	0.5247614
15608	0.5247476
15609	0.5247335
15610	0.5247196
15611	0.5246614
15612	0.524603
15613	0.5245448
15614	0.5244863
15615	0.5244281
15616	0.5243697
15617	0.5243115
15618	0.5242531
15619	0.5241948
15620	0.5241365
15621	0.5240781
15622	0.52402
15623	0.5239616
15624	0.5239035
15625	0.5238668
15626	0.5238379
15627	0.5238091
15628	0.5237802
15629	0.5237514
15630	0.5237226
15631	0.5237381
15632	0.5237535
15633	0.523769
15634	0.5237845
15635	0.5238
15636	0.5238156
15637	0.5238309
15638	0.5238464
15639	0.5238618
15640	0.5238773
15641	0.5238485
15642	0.5238196
15643	0.5237907
15644	0.5237619
15645	0.5237389
15646	0.5237181
15647	0.5236971
15648	0.5236762
15649	0.5236554
15650	0.5236345
15651	0.5236137
15652	0.5235928
15653	0.5235718
15654	0.5235509
15655	0.5235303
15656	0.5235094
15657	0.5234884
15658	0.5234674
15659	0.5234464
15660	0.5234256
15661	0.5234489
15662	0.5234724
15663	0.523496
15664	0.5235193
15665	0.5235658
15666	0.5236214
15667	0.5236769
15668	0.5237324
15669	0.5237879
15670	0.5238433
15671	0.5238543
15672	0.5238655
15673	0.5238765
15674	0.5238877
15675	0.5238987
15676	0.5239097
15677	0.5239208
15678	0.5239317
15679	0.5239428
15680	0.5239537
15681	0.524009
15682	0.5240645
15683	0.5241199
15684	0.5241754
15685	0.5242038
15686	0.524222
15687	0.5242401
15688	0.5242581
15689	0.5242761
15690	0.5242943
15691	0.5242677
15692	0.5242414
15693	0.524215
15694	0.5241885
15695	0.5241621
15696	0.5241355
15697	0.5241091
15698	0.5240828
15699	0.5240562
15700	0.5240297
15701	0.5240033
15702	0.5239769
15703	0.5239503
15704	0.5239236
15705	0.5239066
15706	0.5238936
15707	0.5238804
15708	0.5238671
15709	0.523854
15710	0.523841
15711	0.5238722
15712	0.5239036
15713	0.523935
15714	0.5239661
15715	0.5239975
15716	0.5240287
15717	0.5240601
15718	0.5240914
15719	0.5241226
15720	0.5241541
15721	0.5241408
15722	0.5241274
15723	0.5241141
15724	0.5241011
15725	0.52408
15726	0.5240562
15727	0.5240322
15728	0.5240083
15729	0.5239844
15730	0.5239603
15731	0.5239363
15732	0.5239123
15733	0.5238884
15734	0.5238645
15735	0.5238407
15736	0.5238167
15737	0.5237928
15738	0.5237688
15739	0.5237448
15740	0.5237207
15741	0.5237414
15742	0.5237621
15743	0.5237828
15744	0.5238034
15745	0.5238016
15746	0.5237902
15747	0.523779
15748	0.5237675
15749	0.5237562
15750	0.5237451
15751	0.5236892
15752	0.5236333
15753	0.5235776
15754	0.5235215
15755	0.5234659
15756	0.5234098
15757	0.5233538
15758	0.5232982
15759	0.5232425
15760	0.5231866
15761	0.5231307
15762	0.5230747
15763	0.523019
15764	0.522963
15765	0.5228961
15766	0.5228245
15767	0.5227526
15768	0.5226811
15769	0.5226094
15770	0.5225376
15771	0.522466
15772	0.5223941
15773	0.5223225
15774	0.5222507
15775	0.5221789
15776	0.5221072
15777	0.5220356
15778	0.5219638
15779	0.5218921
15780	0.5218204
15781	0.5217934
15782	0.5217662
15783	0.5217391
15784	0.5217121
15785	0.5216684
15786	0.5216174
15787	0.5215665
15788	0.5215154
15789	0.5214645
15790	0.5214135
15791	0.5213181
15792	0.5212227
15793	0.5211272
15794	0.521032
15795	0.5209364
15796	0.5208411
15797	0.5207457
15798	0.5206503
15799	0.5205548
15800	0.5204595
15801	0.5203662
15802	0.5202729
15803	0.5201797
15804	0.5200863
15805	0.5200112
15806	0.5199445
15807	0.5198777
15808	0.5198109
15809	0.519744
15810	0.5196772
15811	0.5196548
15812	0.5196325
15813	0.5196102
15814	0.5195876
15815	0.5195653
15816	0.5195431
15817	0.5195206
15818	0.5194983
15819	0.5194759
15820	0.5194536
15821	0.5193868
15822	0.5193201
15823	0.5192532
15824	0.5191865
15825	0.5191071
15826	0.519022
15827	0.5189369
15828	0.5188515
15829	0.5187662
15830	0.5186812
15831	0.518596
15832	0.5185108
15833	0.5184256
15834	0.5183403
15835	0.5182554
15836	0.5181702
15837	0.5180849
15838	0.5179999
15839	0.5179148
15840	0.5178296
15841	0.5177447
15842	0.5176596
15843	0.5175743
15844	0.5174894
15845	0.5174078
15846	0.5173279
15847	0.5172483
15848	0.5171685
15849	0.5170887
15850	0.5170089
15851	0.5169734
15852	0.516938
15853	0.5169024
15854	0.5168669
15855	0.5168314
15856	0.5167959
15857	0.5167606
15858	0.5167252
15859	0.5166897
15860	0.5166544
15861	0.5165745
15862	0.5164948
15863	0.5164151
15864	0.5163353
15865	0.5162608
15866	0.5161891
15867	0.5161173
15868	0.5160455
15869	0.5159737
15870	0.5159019
15871	0.5158301
15872	0.5157584
15873	0.5156866
15874	0.5156147
15875	0.515543
15876	0.5154715
15877	0.5153998
15878	0.5153279
15879	0.5152563
15880	0.5151845
15881	0.5151129
15882	0.515041
15883	0.5149694
15884	0.5148976
15885	0.5148346
15886	0.5147761
15887	0.5147175
15888	0.5146591
15889	0.5146006
15890	0.5145419
15891	0.5145276
15892	0.5145133
15893	0.5144989
15894	0.5144846
15895	0.51447
15896	0.514456
15897	0.5144416
15898	0.5144273
15899	0.5144131
15900	0.5143985
15901	0.51434
15902	0.5142815
15903	0.514223
15904	0.5141644
15905	0.5141075
15906	0.5140517
15907	0.5139958
15908	0.5139399
15909	0.513884
15910	0.5138283
15911	0.5137724
15912	0.5137165
15913	0.5136606
15914	0.5136047
15915	0.5135488
15916	0.5134931
15917	0.5134373
15918	0.5133813
15919	0.5133255
15920	0.5132698
15921	0.5132136
15922	0.5131577
15923	0.5131018
15924	0.5130461
15925	0.5129988
15926	0.5129561
15927	0.5129132
15928	0.5128706
15929	0.5128277
15930	0.5127849
15931	0.512742
15932	0.5126994
15933	0.5126567
15934	0.5126139
15935	0.5125712
15936	0.5125285
15937	0.5124859
15938	0.5124429
15939	0.5124004
15940	0.5123575
15941	0.5123588
15942	0.5123605
15943	0.5123617
15944	0.5123632
15945	0.5123291
15946	0.5122756
15947	0.512222
15948	0.5121686
15949	0.5121151
15950	0.5120614
15951	0.5119637
15952	0.5118661
15953	0.5117685
15954	0.5116709
15955	0.5115731
15956	0.5114756
15957	0.5113783
15958	0.5112806
15959	0.511183
15960	0.5110855
15961	0.510988
15962	0.5108903
15963	0.5107929
15964	0.5106953
15965	0.5105977
15966	0.5105003
15967	0.5104028
15968	0.5103055
15969	0.5102081
15970	0.5101106
15971	0.510013
15972	0.5099155
15973	0.5098183
15974	0.5097207
15975	0.5096233
15976	0.509526
15977	0.5094285
15978	0.5093311
15979	0.5092338
15980	0.5091364
15981	0.509039
15982	0.5089419
15983	0.5088446
15984	0.5087473
15985	0.5086269
15986	0.5084931
15987	0.5083593
15988	0.5082255
15989	0.5080918
15990	0.507958
15991	0.5078683
15992	0.5077787
15993	0.5076887
15994	0.5075993
15995	0.5075095
15996	0.5074198
15997	0.5073301
15998	0.5072401
15999	0.5071505
16000	0.5070607
16001	0.5069293
16002	0.5067976
16003	0.5066661
16004	0.5065347
16005	0.5063868
16006	0.5062292
16007	0.5060717
16008	0.5059144
16009	0.5057569
16010	0.5055994
16011	0.505442
16012	0.5052847
16013	0.5051274
16014	0.50497
16015	0.5048128
16016	0.5046554
16017	0.5044981
16018	0.5043409
16019	0.5041837
16020	0.5040266
16021	0.5038694
16022	0.5037121
16023	0.5035548
16024	0.5033978
16025	0.5032311
16026	0.5030584
16027	0.5028857
16028	0.5027131
16029	0.5025404
16030	0.5023682
16031	0.5021954
16032	0.5020226
16033	0.5018504
16034	0.5016779
16035	0.5015054
16036	0.5013331
16037	0.5011607
16038	0.5009882
16039	0.5008161
16040	0.5006435
16041	0.5004712
16042	0.5002988
16043	0.5001267
16044	0.4999544
16045	0.4997836
16046	0.4996144
16047	0.4994448
16048	0.4992754
16049	0.4991056
16050	0.4989362
16051	0.49881
16052	0.4986839
16053	0.4985578
16054	0.4984314
16055	0.4983054
16056	0.4981794
16057	0.4980533
16058	0.497927
16059	0.4978012
16060	0.4976749
16061	0.4975058
16062	0.4973363
16063	0.4971668
16064	0.4969977
16065	0.4968587
16066	0.4967387
16067	0.4966185
16068	0.4964987
16069	0.4963786
16070	0.4962588
16071	0.4961387
16072	0.4960187
16073	0.4958989
16074	0.4957792
16075	0.4956594
16076	0.4955393
16077	0.4954194
16078	0.4952997
16079	0.4951799
16080	0.4950599
16081	0.4949402
16082	0.4948204
16083	0.4947007
16084	0.4945811
16085	0.4944737
16086	0.4943747
16087	0.4942757
16088	0.4941767
16089	0.4940775
16090	0.4939787
16091	0.4938798
16092	0.4937806
16093	0.4936819
16094	0.4935827
16095	0.4934838
16096	0.493385
16097	0.4932862
16098	0.493187
16099	0.4930882
16100	0.4929894
16101	0.4928904
16102	0.4927916
16103	0.4926927
16104	0.4925938
16105	0.4925121
16106	0.4924416
16107	0.4923711
16108	0.4923006
16109	0.4922303
16110	0.4921601
16111	0.4920896
16112	0.4920191
16113	0.4919488
16114	0.4918784
16115	0.4918081
16116	0.4917375
16117	0.4916672
16118	0.4915969
16119	0.4915265
16120	0.4914563
16121	0.4913857
16122	0.4913154
16123	0.491245
16124	0.4911746
16125	0.4911381
16126	0.4911245
16127	0.4911106
16128	0.4910969
16129	0.4910832
16130	0.4910693
16131	0.4910558
16132	0.491042
16133	0.4910282
16134	0.4910146
16135	0.4910011
16136	0.4909873
16137	0.4909734
16138	0.4909598
16139	0.4909459
16140	0.4909323
16141	0.4909186
16142	0.4909048
16143	0.4908911
16144	0.4908772
16145	0.4908727
16146	0.4908743
16147	0.4908757
16148	0.4908773
16149	0.4908789
16150	0.4908804
16151	0.4909251
16152	0.4909696
16153	0.4910142
16154	0.4910587
16155	0.4911031
16156	0.4911478
16157	0.4911923
16158	0.4912372
16159	0.4912815
16160	0.4913262
16161	0.4913276
16162	0.4913291
16163	0.4913308
16164	0.4913323
16165	0.4913577
16166	0.4914003
16167	0.4914428
16168	0.4914857
16169	0.4915282
16170	0.4915706
16171	0.4916131
16172	0.4916555
16173	0.4916979
16174	0.4917403
16175	0.4917828
16176	0.4918253
16177	0.4918675
16178	0.4919099
16179	0.4919522
16180	0.4919946
16181	0.4920368
16182	0.4920791
16183	0.4921216
16184	0.492164
16185	0.4922003
16186	0.4922321
16187	0.4922642
16188	0.4922961
16189	0.492328
16190	0.4923598
16191	0.4923918
16192	0.4924236
16193	0.4924555
16194	0.4924875
16195	0.4925194
16196	0.4925513
16197	0.4925832
16198	0.4926149
16199	0.4926466
16200	0.4926784
16201	0.4927011
16202	0.4927239
16203	0.4927464
16204	0.4927691
16205	0.492786
16206	0.4927984
16207	0.4928108
16208	0.4928232
16209	0.4928355
16210	0.4928479
16211	0.4928603
16212	0.4928725
16213	0.492885
16214	0.4928972
16215	0.4929095
16216	0.4929218
16217	0.492934
16218	0.4929463
16219	0.4929586
16220	0.4929709
16221	0.4929831
16222	0.4929954
16223	0.4930075
16224	0.4930197
16225	0.4929954
16226	0.4929438
16227	0.4928921
16228	0.4928405
16229	0.4927889
16230	0.4927373
16231	0.4926856
16232	0.492634
16233	0.4925824
16234	0.4925306
16235	0.4924791
16236	0.4924275
16237	0.4923758
16238	0.4923241
16239	0.4922725
16240	0.4922208
16241	0.4921692
16242	0.4921177
16243	0.4920659
16244	0.4920144
16245	0.4919267
16246	0.4918117
16247	0.4916963
16248	0.4915811
16249	0.4914658
16250	0.4913507
16251	0.4912354
16252	0.4911202
16253	0.4910052
16254	0.49089
16255	0.4907751
16256	0.4906596
16257	0.4905447
16258	0.4904295
16259	0.4903146
16260	0.4901995
16261	0.4900844
16262	0.4899695
16263	0.4898545
16264	0.4897396
16265	0.4895848
16266	0.4893989
16267	0.4892129
16268	0.489027
16269	0.4888406
16270	0.4886548
16271	0.4884689
16272	0.4882831
16273	0.4880973
16274	0.4879112
16275	0.4877257
16276	0.4875398
16277	0.4873544
16278	0.4871681
16279	0.4869829
16280	0.4867971
16281	0.4866115
16282	0.4864259
16283	0.4862404
16284	0.486055
16285	0.4858526
16286	0.4856372
16287	0.4854209
16288	0.4852053
16289	0.4849895
16290	0.4847741
16291	0.4845583
16292	0.4843425
16293	0.484127
16294	0.4839116
16295	0.4836962
16296	0.4834804
16297	0.4832652
16298	0.4830498
16299	0.4828348
16300	0.4826192
16301	0.4824038
16302	0.4821889
16303	0.4819737
16304	0.4817583
16305	0.4814974
16306	0.4811992
16307	0.4809008
16308	0.4806026
16309	0.4803041
16310	0.4800058
16311	0.4797075
16312	0.4794096
16313	0.4791114
16314	0.4788132
16315	0.4785154
16316	0.4782178
16317	0.4779201
16318	0.4776222
16319	0.4773243
16320	0.4770266
16321	0.4767291
16322	0.4764313
16323	0.4761337
16324	0.4758364
16325	0.4755472
16326	0.475265
16327	0.4749828
16328	0.474701
16329	0.4744187
16330	0.4741372
16331	0.4738549
16332	0.4735728
16333	0.4732911
16334	0.4730096
16335	0.4727279
16336	0.4724464
16337	0.4721647
16338	0.4718832
16339	0.471602
16340	0.4713204
16341	0.4710389
16342	0.4707577
16343	0.4704767
16344	0.4701954
16345	0.469917
16346	0.4696409
16347	0.4693649
16348	0.4690888
16349	0.468813
16350	0.4685372
16351	0.4682615
16352	0.4679857
16353	0.4677099
16354	0.4674343
16355	0.4671587
16356	0.4668831
16357	0.4666076
16358	0.4663324
16359	0.4660571
16360	0.4657818
16361	0.4654649
16362	0.4651484
16363	0.4648319
16364	0.4645154
16365	0.4642364
16366	0.4639903
16367	0.4637444
16368	0.4634988
16369	0.4632529
16370	0.4630072
16371	0.4628029
16372	0.4625986
16373	0.4623943
16374	0.4621902
16375	0.4619859
16376	0.4617817
16377	0.4615775
16378	0.4613735
16379	0.4611695
16380	0.4609654
16381	0.4607613
16382	0.4605575
16383	0.4603535
16384	0.46015
16385	0.4600212
16386	0.4599601
16387	0.4598989
16388	0.4598378
16389	0.4597766
16390	0.4597155
16391	0.4596545
16392	0.4595932
16393	0.4595321
16394	0.4594715
16395	0.4594103
16396	0.4593492
16397	0.4592881
16398	0.459227
16399	0.4591658
16400	0.4591049
16401	0.4590708
16402	0.4590368
16403	0.4590028
16404	0.4589688
16405	0.4589686
16406	0.4589997
16407	0.4590306
16408	0.4590616
16409	0.4590926
16410	0.4591234
16411	0.4591543
16412	0.4591851
16413	0.459216
16414	0.459247
16415	0.4592777
16416	0.4593086
16417	0.4593396
16418	0.4593703
16419	0.4594012
16420	0.4594319
16421	0.4594627
16422	0.4594936
16423	0.4595243
16424	0.4595551
16425	0.4596414
16426	0.4597792
16427	0.4599173
16428	0.4600553
16429	0.4601933
16430	0.4603311
16431	0.4604691
16432	0.4606071
16433	0.4607449
16434	0.4608829
16435	0.4610206
16436	0.4611586
16437	0.4612962
16438	0.4614342
16439	0.4615718
16440	0.4617097
16441	0.4618472
16442	0.4619849
16443	0.4621226
16444	0.4622602
16445	0.4624473
16446	0.4626818
16447	0.4629174
16448	0.4631517
16449	0.4633864
16450	0.4636211
16451	0.463814
16452	0.4640068
16453	0.4641995
16454	0.464392
16455	0.4645844
16456	0.4647776
16457	0.4649696
16458	0.465162
16459	0.4653541
16460	0.4655465
16461	0.4657804
16462	0.4660145
16463	0.4662482
16464	0.4664819
16465	0.4667305
16466	0.4669911
16467	0.4672522
16468	0.4675136
16469	0.4677747
16470	0.4680358
16471	0.4682968
16472	0.4685578
16473	0.4688182
16474	0.4690802
16475	0.4693405
16476	0.4696015
16477	0.4698621
16478	0.470123
16479	0.4703838
16480	0.4706445
16481	0.4709052
16482	0.4711658
16483	0.4714269
16484	0.471687
16485	0.4719326
16486	0.4721634
16487	0.472394
16488	0.4726246
16489	0.4728551
16490	0.4730853
16491	0.4733162
16492	0.4735471
16493	0.4737771
16494	0.4740075
16495	0.4742379
16496	0.4744681
16497	0.4746986
16498	0.4749288
16499	0.4751586
16500	0.4753893
16501	0.4756199
16502	0.4758496
16503	0.4760798
16504	0.4763096
16505	0.476486
16506	0.4766069
16507	0.4767275
16508	0.4768483
16509	0.476969
16510	0.4770901
16511	0.4772108
16512	0.4773315
16513	0.4774522
16514	0.4775729
16515	0.4776936
16516	0.4778143
16517	0.4779349
16518	0.4780554
16519	0.478176
16520	0.4782965
16521	0.4783737
16522	0.4784507
16523	0.4785277
16524	0.4786049
16525	0.4786132
16526	0.478549
16527	0.4784846
16528	0.4784205
16529	0.4783559
16530	0.4782919
16531	0.4782709
16532	0.47825
16533	0.4782291
16534	0.4782082
16535	0.4781876
16536	0.4781667
16537	0.4781457
16538	0.4781249
16539	0.4781039
16540	0.478083
16541	0.4780622
16542	0.4780412
16543	0.4780203
16544	0.4779993
16545	0.4779356
16546	0.4778255
16547	0.4777155
16548	0.4776056
16549	0.4774956
16550	0.4773855
16551	0.4772756
16552	0.4771658
16553	0.4770558
16554	0.4769458
16555	0.4768358
16556	0.476726
16557	0.4766161
16558	0.4765063
16559	0.4763964
16560	0.4762866
16561	0.4761766
16562	0.4760667
16563	0.4759569
16564	0.475847
16565	0.4756866
16566	0.4754705
16567	0.4752545
16568	0.4750387
16569	0.4748226
16570	0.4746066
16571	0.4743474
16572	0.4740883
16573	0.4738292
16574	0.4735697
16575	0.4733111
16576	0.4730521
16577	0.4727934
16578	0.4725346
16579	0.4722757
16580	0.472017
16581	0.4718014
16582	0.4715858
16583	0.4713698
16584	0.4711547
16585	0.4709277
16586	0.4706875
16587	0.4704473
16588	0.4702072
16589	0.469967
16590	0.4697274
16591	0.4694868
16592	0.4692462
16593	0.4690065
16594	0.4687669
16595	0.4685268
16596	0.468287
16597	0.4680471
16598	0.4678071
16599	0.4675675
16600	0.4673272
16601	0.4669684
16602	0.4666113
16603	0.4662536
16604	0.465896
16605	0.4655583
16606	0.4652428
16607	0.4649278
16608	0.4646131
16609	0.4642975
16610	0.4639828
16611	0.4636255
16612	0.4632687
16613	0.4629118
16614	0.4625552
16615	0.4621988
16616	0.4618425
16617	0.4614871
16618	0.46113
16619	0.4607749
16620	0.4604195
16621	0.4601063
16622	0.4597934
16623	0.4594804
16624	0.4591678
16625	0.4588956
16626	0.4586715
16627	0.4584461
16628	0.458222
16629	0.4579976
16630	0.4577733
16631	0.457549
16632	0.457325
16633	0.4571008
16634	0.4568769
16635	0.4566533
16636	0.4564287
16637	0.4562053
16638	0.4559818
16639	0.4557581
16640	0.4555346
16641	0.4553111
16642	0.4550878
16643	0.4548645
16644	0.4546416
16645	0.4544798
16646	0.4543927
16647	0.4543056
16648	0.4542182
16649	0.4541309
16650	0.4540436
16651	0.4539147
16652	0.4537856
16653	0.4536568
16654	0.4535273
16655	0.4533985
16656	0.4532695
16657	0.4531405
16658	0.4530116
16659	0.4528824
16660	0.4527535
16661	0.452666
16662	0.4525788
16663	0.4524913
16664	0.4524041
16665	0.4523156
16666	0.4522259
16667	0.452136
16668	0.4520463
16669	0.4519566
16670	0.451867
16671	0.451777
16672	0.4516869
16673	0.4515974
16674	0.4515074
16675	0.4514177
16676	0.4513278
16677	0.4512379
16678	0.4511482
16679	0.4510584
16680	0.4509685
16681	0.4508366
16682	0.4507054
16683	0.450574
16684	0.4504428
16685	0.4503196
16686	0.4502074
16687	0.450095
16688	0.449983
16689	0.4498703
16690	0.449758
16691	0.4496871
16692	0.4496162
16693	0.4495454
16694	0.4494745
16695	0.4494037
16696	0.4493329
16697	0.4492619
16698	0.4491909
16699	0.44912
16700	0.449049
16701	0.4489779
16702	0.448907
16703	0.4488359
16704	0.4487648
16705	0.4486541
16706	0.4484929
16707	0.4483317
16708	0.4481704
16709	0.4480091
16710	0.4478479
16711	0.4476454
16712	0.4474428
16713	0.4472404
16714	0.447038
16715	0.4468358
16716	0.4466333
16717	0.4464312
16718	0.4462291
16719	0.446027
16720	0.445825
16721	0.4456642
16722	0.4455036
16723	0.445343
16724	0.4451825
16725	0.4449381
16726	0.4445845
16727	0.4442306
16728	0.4438773
16729	0.4435238
16730	0.4431708
16731	0.4428178
16732	0.442465
16733	0.4421123
16734	0.4417598
16735	0.4414076
16736	0.4410556
16737	0.4407036
16738	0.4403516
16739	0.4399999
16740	0.4396487
16741	0.4392564
16742	0.4388645
16743	0.4384726
16744	0.4380811
16745	0.4376208
16746	0.437068
16747	0.4365156
16748	0.4359637
16749	0.4354121
16750	0.4348609
16751	0.4343504
16752	0.4338402
16753	0.4333303
16754	0.4328205
16755	0.4323111
16756	0.431802
16757	0.4312931
16758	0.4307848
16759	0.4302764
16760	0.4297682
16761	0.4292604
16762	0.428753
16763	0.4282447
16764	0.4277387
16765	0.4272152
16766	0.4266692
16767	0.4261233
16768	0.4255781
16769	0.4250327
16770	0.424489
16771	0.4239036
16772	0.4233188
16773	0.4227365
16774	0.4221534
16775	0.4215708
16776	0.4209884
16777	0.4204067
16778	0.4198249
16779	0.419245
16780	0.4186631
16781	0.4181208
16782	0.4175808
16783	0.4170403
16784	0.4164999
16785	0.4160128
16786	0.4156002
16787	0.4151874
16788	0.4147758
16789	0.4143629
16790	0.4139508
16791	0.4135004
16792	0.4130501
16793	0.4126002
16794	0.4121509
16795	0.4117015
16796	0.4112524
16797	0.4108044
16798	0.4103541
16799	0.4099067
16800	0.4094587
16801	0.4090512
16802	0.4086436
16803	0.4082365
16804	0.4078294
16805	0.4073907
16806	0.406907
16807	0.4064207
16808	0.4059376
16809	0.4054538
16810	0.4049702
16811	0.4044867
16812	0.4040036
16813	0.4035208
16814	0.4030381
16815	0.4025567
16816	0.4020727
16817	0.4015917
16818	0.4011101
16819	0.4006287
16820	0.4001475
16821	0.3996291
16822	0.3991109
16823	0.3985931
16824	0.3980767
16825	0.3972183
16826	0.3958735
16827	0.3945269
16828	0.3931814
16829	0.3918369
16830	0.3904933
16831	0.3891875
16832	0.3878824
16833	0.3865806
16834	0.3852721
16835	0.3839718
16836	0.3826699
16837	0.3813687
16838	0.3800683
16839	0.3787686
16840	0.3774697
16841	0.3761362
16842	0.3748035
16843	0.3734694
16844	0.3721415
16845	0.3699955
16846	0.3666289
16847	0.3632651
16848	0.3599039
16849	0.3565455
16850	0.3531963
16851	0.3498696
16852	0.3465451
16853	0.3432356
16854	0.3399219
16855	0.33661
16856	0.3333003
16857	0.3299925
16858	0.326687
16859	0.3233899
16860	0.320082
16861	0.3167462
16862	0.3134261
16863	0.3101021
16864	0.3067808
16865	0.3027122
16866	0.2974965
16867	0.2922851
16868	0.2870881
16869	0.281875
16870	0.2766764
16871	0.2715076
16872	0.2663421
16873	0.26118
16874	0.256021
16875	0.2508654
16876	0.2457131
16877	0.2405739
16878	0.2354181
16879	0.2302755
16880	0.2251363
16881	0.2200002
16882	0.2148674
16883	0.209738
16884	0.2046117
16885	0.1996939
16886	0.1951017
16887	0.1905124
16888	0.1859261
16889	0.1813428
16890	0.1767623
16891	0.1721684
16892	0.1675784
16893	0.1629921
16894	0.1584096
16895	0.1538308
16896	0.1492559
16897	0.1446847
16898	0.1401173
16899	0.1355537
16900	0.1309938
16901	0.1264497
16902	0.1219086
16903	0.1173704
16904	0.112835
16905	0.1089905
16906	0.1062483
16907	0.1035077
16908	0.100769
16909	0.09803193
16910	0.0952967
16911	0.09255441
16912	0.08981438
16913	0.08707658
16914	0.08434109
16915	0.08160788
16916	0.07887691
16917	0.0761482
16918	0.07342175
16919	0.07069758
16920	0.06797566
16921	0.06526221
16922	0.06255051
16923	0.05984057
16924	0.05713236
16925	0.05492673
16926	0.05354323
16927	0.05216061
16928	0.05077889
16929	0.04939803
16930	0.04801807
16931	0.04663457
16932	0.04525218
16933	0.04387097
16934	0.04249091
16935	0.04111199
16936	0.03973422
16937	0.03835757
16938	0.0369821
16939	0.03560776
16940	0.03423457
16941	0.03286566
16942	0.03149764
16943	0.03012784
16944	0.02876424
16945	0.02765834
16946	0.02698911
16947	0.02632029
16948	0.02565191
16949	0.02498396
16950	0.02431773
16951	0.02364709
16952	0.02297698
16953	0.02231006
16954	0.02164238
16955	0.02097525
16956	0.02030869
16957	0.01964268
16958	0.01897724
16959	0.01831363
16960	0.017648
16961	0.01698291
16962	0.01632098
16963	0.0156583
16964	0.01499618
16965	0.01445689
16966	0.01412872
16967	0.01380081
16968	0.01347382
16969	0.01314583
16970	0.01281874
16971	0.01249312
16972	0.01216772
16973	0.01184253
16974	0.01151754
16975	0.01119278
16976	0.01086821
16977	0.01054449
16978	0.01021972
16979	0.009895788
16980	0.009572068
16981	0.009247671
16982	0.008923545
16983	0.008599693
16984	0.008276111
16985	0.008006383
16986	0.007831897
16987	0.007656535
16988	0.007482337
16989	0.007307946
16990	0.007133702
16991	0.006960272
16992	0.006786956
16993	0.006613752
16994	0.006440664
16995	0.006268024
16996	0.00609448
16997	0.005922063
16998	0.005749423
16999	0.005576892
17000	0.005404476