#wavelength,transmission
10727	0.000541499
10728	0.000562366
10729	0.0005478
10730	0.000533233
10731	0.000518665
10732	0.000504097
10733	0.000489906
10734	0.000481569
10735	0.000473232
10736	0.000464895
10737	0.000456557
10738	0.000449614
10739	0.000465097
10740	0.000480596
10741	0.000496065
10742	0.00051155
10743	0.000526444
10744	0.000531658
10745	0.000536871
10746	0.000542085
10747	0.000547299
10748	0.000553123
10749	0.000569124
10750	0.000585094
10751	0.00060108
10752	0.000617067
10753	0.000632577
10754	0.000639826
10755	0.000647075
10756	0.000654324
10757	0.000661574
10758	0.000669791
10759	0.000695036
10760	0.000720283
10761	0.000745532
10762	0.000770806
10763	0.000795101
10764	0.000802372
10765	0.000809642
10766	0.000816914
10767	0.000824185
10768	0.000832146
10769	0.000852994
10770	0.000873843
10771	0.000894713
10772	0.000915544
10773	0.000935448
10774	0.000937267
10775	0.000939086
10776	0.000940906
10777	0.000942726
10778	0.000945162
10779	0.000960205
10780	0.000975249
10781	0.000990265
10782	0.001005296
10783	0.001023163
10784	0.001098756
10785	0.001174205
10786	0.001249732
10787	0.001325188
10788	0.001398795
10789	0.001430777
10790	0.001462699
10791	0.001494654
10792	0.001526579
10793	0.001560203
10794	0.001627775
10795	0.001695416
10796	0.001762994
10797	0.001830774
10798	0.001897007
10799	0.001933182
10800	0.001969358
10801	0.002005512
10802	0.002041773
10803	0.002077216
10804	0.002096399
10805	0.002115565
10806	0.002134788
10807	0.002153956
10808	0.002174687
10809	0.002232445
10810	0.002290149
10811	0.002348026
10812	0.002405739
10813	0.002463858
10814	0.002530448
10815	0.00259724
10816	0.00266384
10817	0.002730508
10818	0.002797305
10819	0.002869155
10820	0.00294101
10821	0.003012728
10822	0.003084522
10823	0.003156657
10824	0.003240229
10825	0.003323561
10826	0.003406981
10827	0.003490323
10828	0.003574456
10829	0.00367573
10830	0.003776814
10831	0.003878003
10832	0.0039791
10833	0.004080694
10834	0.004190749
10835	0.004300809
10836	0.004410769
10837	0.004520952
10838	0.004631596
10839	0.00475913
10840	0.004886673
10841	0.00501423
10842	0.005141791
10843	0.005269601
10844	0.005404809
10845	0.005539897
10846	0.005675258
10847	0.005810492
10848	0.00594602
10849	0.006091041
10850	0.006236068
10851	0.006381109
10852	0.00652616
10853	0.006674109
10854	0.006921047
10855	0.007168485
10856	0.007415696
10857	0.007662923
10858	0.007909232
10859	0.008130501
10860	0.008351569
10861	0.008573392
10862	0.008795268
10863	0.00901926
10864	0.009322472
10865	0.009625753
10866	0.00992911
10867	0.01023224
10868	0.01053638
10869	0.01085399
10870	0.01117167
10871	0.01148846
10872	0.01180526
10873	0.0121225
10874	0.01245717
10875	0.01279186
10876	0.01312624
10877	0.01346131
10878	0.01379793
10879	0.01421968
10880	0.01464147
10881	0.01506329
10882	0.01548514
10883	0.01590857
10884	0.01641018
10885	0.01691183
10886	0.01741351
10887	0.01791522
10888	0.01841811
10889	0.0189813
10890	0.01954453
10891	0.02010782
10892	0.02067114
10893	0.02123621
10894	0.02190262
10895	0.02256907
10896	0.02323558
10897	0.02390213
10898	0.02457146
10899	0.0253627
10900	0.02615478
10901	0.02694692
10902	0.02773912
10903	0.02853303
10904	0.02944683
10905	0.03036071
10906	0.03127464
10907	0.03218865
10908	0.03310435
10909	0.03414761
10910	0.03519095
10911	0.03623439
10912	0.0372779
10913	0.03832337
10914	0.03952901
10915	0.04073472
10916	0.04194053
10917	0.04314642
10918	0.04435426
10919	0.04575302
10920	0.04715323
10921	0.04855085
10922	0.04994991
10923	0.05135123
10924	0.05299407
10925	0.05463705
10926	0.05628013
10927	0.05792332
10928	0.05956827
10929	0.06142145
10930	0.06327114
10931	0.0651228
10932	0.06697463
10933	0.06882813
10934	0.07094079
10935	0.07305363
10936	0.07516661
10937	0.07727975
10938	0.07939624
10939	0.08170291
10940	0.08401201
10941	0.08632133
10942	0.08863311
10943	0.09094177
10944	0.09358095
10945	0.09622026
10946	0.09885979
10947	0.1014995
10948	0.10414
10949	0.1070732
10950	0.1100066
10951	0.1129432
10952	0.1158743
10953	0.1188087
10954	0.1219951
10955	0.1251819
10956	0.1283688
10957	0.131556
10958	0.1347435
10959	0.1381875
10960	0.1416352
10961	0.1450766
10962	0.1485216
10963	0.1519669
10964	0.1555093
10965	0.1590453
10966	0.162585
10967	0.1661216
10968	0.1696653
10969	0.1735802
10970	0.177489
10971	0.1814175
10972	0.1853433
10973	0.1892815
10974	0.1934382
10975	0.197601
10976	0.2017608
10977	0.2059297
10978	0.2100996
10979	0.2143178
10980	0.2185414
10981	0.222743
10982	0.2269573
10983	0.2311597
10984	0.2354464
10985	0.2397297
10986	0.244026
10987	0.24831
10988	0.2525986
10989	0.2568237
10990	0.2610445
10991	0.2652728
10992	0.2694889
10993	0.2737092
10994	0.2779885
10995	0.282281
10996	0.2865612
10997	0.2908456
10998	0.2951302
10999	0.2992673
11000	0.3034151
11001	0.3075546
11002	0.3116984
11003	0.3158385
11004	0.3198035
11005	0.3237545
11006	0.3277096
11007	0.3316613
11008	0.3356208
11009	0.3393728
11010	0.3431149
11011	0.346861
11012	0.3506036
11013	0.354354
11014	0.3577817
11015	0.3612049
11016	0.3646251
11017	0.3680521
11018	0.3714794
11019	0.3746764
11020	0.3778733
11021	0.3810703
11022	0.3842675
11023	0.387465
11024	0.3903258
11025	0.393178
11026	0.3960359
11027	0.3988914
11028	0.4017468
11029	0.4042954
11030	0.4068383
11031	0.4093813
11032	0.4119246
11033	0.414468
11034	0.4166704
11035	0.4188698
11036	0.4210674
11037	0.423265
11038	0.4254626
11039	0.4273833
11040	0.4292978
11041	0.4312123
11042	0.433127
11043	0.4350419
11044	0.4366884
11045	0.4383285
11046	0.4399687
11047	0.4416073
11048	0.4432493
11049	0.4446152
11050	0.4459741
11051	0.4473331
11052	0.4486921
11053	0.4500512
11054	0.4512096
11055	0.4523627
11056	0.4535148
11057	0.4546694
11058	0.4558226
11059	0.4567788
11060	0.4577291
11061	0.4587191
11062	0.459709
11063	0.4606995
11064	0.4615316
11065	0.4623591
11066	0.4631868
11067	0.4640147
11068	0.4648429
11069	0.4655614
11070	0.4662768
11071	0.4669522
11072	0.4676278
11073	0.4683034
11074	0.4688244
11075	0.4693404
11076	0.4698562
11077	0.470372
11078	0.4708885
11079	0.4713249
11080	0.471759
11081	0.4721931
11082	0.4726272
11083	0.4730613
11084	0.4734177
11085	0.4737708
11086	0.4741242
11087	0.4744776
11088	0.4748311
11089	0.4751423
11090	0.4754519
11091	0.4757616
11092	0.4760712
11093	0.4763808
11094	0.4766342
11095	0.4768853
11096	0.4771365
11097	0.4773876
11098	0.4776388
11099	0.4778653
11100	0.4780909
11101	0.4783162
11102	0.4785418
11103	0.4787673
11104	0.4789534
11105	0.4791379
11106	0.4793223
11107	0.4795068
11108	0.4796915
11109	0.4798569
11110	0.4800214
11111	0.4801858
11112	0.4803504
11113	0.480515
11114	0.4806777
11115	0.4808404
11116	0.4810032
11117	0.481166
11118	0.4813289
11119	0.4814799
11120	0.4816306
11121	0.4817811
11122	0.4819319
11123	0.4820823
11124	0.4822074
11125	0.4823313
11126	0.4824554
11127	0.4825796
11128	0.4827035
11129	0.4828203
11130	0.482937
11131	0.4830537
11132	0.4831703
11133	0.483287
11134	0.4834064
11135	0.4835262
11136	0.4836459
11137	0.4837657
11138	0.4838852
11139	0.483982
11140	0.4840776
11141	0.4842148
11142	0.4843516
11143	0.4844887
11144	0.484611
11145	0.4847322
11146	0.4848534
11147	0.4849746
11148	0.4850959
11149	0.4852171
11150	0.485338
11151	0.4854173
11152	0.4854966
11153	0.4855761
11154	0.4856468
11155	0.4857169
11156	0.4857871
11157	0.4858573
11158	0.4859276
11159	0.4859796
11160	0.4860305
11161	0.4860813
11162	0.4861322
11163	0.486183
11164	0.4862207
11165	0.4862574
11166	0.4862943
11167	0.486331
11168	0.4863681
11169	0.4863805
11170	0.4863914
11171	0.4864025
11172	0.4864134
11173	0.4864244
11174	0.4864554
11175	0.4864876
11176	0.4865199
11177	0.4865522
11178	0.4865844
11179	0.4866141
11180	0.4866437
11181	0.486673
11182	0.4867026
11183	0.4867321
11184	0.4867619
11185	0.4867915
11186	0.4868212
11187	0.4868507
11188	0.4868805
11189	0.4869092
11190	0.4869379
11191	0.4869665
11192	0.4869951
11193	0.4870239
11194	0.4870459
11195	0.4870672
11196	0.4870886
11197	0.48711
11198	0.4871314
11199	0.487161
11200	0.4871912
11201	0.4872655
11202	0.4873401
11203	0.4874148
11204	0.4874931
11205	0.4875716
11206	0.4876504
11207	0.4877292
11208	0.4878078
11209	0.4878905
11210	0.4879734
11211	0.4880147
11212	0.4880558
11213	0.488097
11214	0.4881516
11215	0.4882072
11216	0.4882629
11217	0.4883184
11218	0.4883739
11219	0.488439
11220	0.488505
11221	0.4885708
11222	0.4886367
11223	0.4887023
11224	0.4887426
11225	0.4887808
11226	0.488819
11227	0.4888572
11228	0.4888955
11229	0.4889269
11230	0.488958
11231	0.4889889
11232	0.48902
11233	0.489051
11234	0.4890938
11235	0.4891376
11236	0.4891815
11237	0.4892252
11238	0.489269
11239	0.4893072
11240	0.4893449
11241	0.4893827
11242	0.4894203
11243	0.4894581
11244	0.4894893
11245	0.48952
11246	0.4895507
11247	0.4895815
11248	0.4896123
11249	0.4896345
11250	0.4896563
11251	0.4896777
11252	0.4896994
11253	0.489721
11254	0.4897285
11255	0.4897347
11256	0.4897408
11257	0.4897471
11258	0.4897533
11259	0.4897391
11260	0.4897232
11261	0.4897073
11262	0.4896914
11263	0.4896754
11264	0.4896674
11265	0.4896598
11266	0.4896522
11267	0.4896448
11268	0.4896374
11269	0.4896444
11270	0.4896528
11271	0.4897032
11272	0.4897535
11273	0.4898038
11274	0.4898331
11275	0.4898606
11276	0.4898881
11277	0.4899155
11278	0.4899428
11279	0.4899496
11280	0.4899544
11281	0.4899175
11282	0.4898801
11283	0.4898432
11284	0.4898105
11285	0.4897784
11286	0.4897462
11287	0.489714
11288	0.4896819
11289	0.4896394
11290	0.4895961
11291	0.4895527
11292	0.4895092
11293	0.4894657
11294	0.4894104
11295	0.4893539
11296	0.4892972
11297	0.4892406
11298	0.4891841
11299	0.489123
11300	0.4890616
11301	0.489
11302	0.4889385
11303	0.4888771
11304	0.4887903
11305	0.4887011
11306	0.4886116
11307	0.4885223
11308	0.4884331
11309	0.4883577
11310	0.4882835
11311	0.4882092
11312	0.4881352
11313	0.4880611
11314	0.4879762
11315	0.4878904
11316	0.4878046
11317	0.4877188
11318	0.4876328
11319	0.4875503
11320	0.4874683
11321	0.4873862
11322	0.487304
11323	0.487222
11324	0.4871432
11325	0.487065
11326	0.4869867
11327	0.4869084
11328	0.4868301
11329	0.4867505
11330	0.4866708
11331	0.4866328
11332	0.486595
11333	0.4865568
11334	0.4865206
11335	0.4864845
11336	0.4864485
11337	0.4864123
11338	0.486376
11339	0.4863497
11340	0.4863243
11341	0.4862574
11342	0.4861903
11343	0.4861234
11344	0.486072
11345	0.4860224
11346	0.4859728
11347	0.4859231
11348	0.4858736
11349	0.4858542
11350	0.4858382
11351	0.4858225
11352	0.4858066
11353	0.4857906
11354	0.4857849
11355	0.4857803
11356	0.4857758
11357	0.4857712
11358	0.4857667
11359	0.4857634
11360	0.4857599
11361	0.4857567
11362	0.4857533
11363	0.48575
11364	0.4857444
11365	0.4857388
11366	0.4857332
11367	0.4857276
11368	0.485722
11369	0.4856944
11370	0.4856641
11371	0.4856338
11372	0.4856036
11373	0.4855733
11374	0.4855862
11375	0.485605
11376	0.4856237
11377	0.4856424
11378	0.4856611
11379	0.4857088
11380	0.4857603
11381	0.4858534
11382	0.4859467
11383	0.4860399
11384	0.4861512
11385	0.4862646
11386	0.4863785
11387	0.4864921
11388	0.4866058
11389	0.4867245
11390	0.4868439
11391	0.4869217
11392	0.4869994
11393	0.4870773
11394	0.487168
11395	0.4872602
11396	0.4873525
11397	0.4874448
11398	0.4875369
11399	0.4876318
11400	0.4877269
11401	0.4878255
11402	0.4879242
11403	0.4880229
11404	0.4881164
11405	0.4882093
11406	0.4883022
11407	0.488395
11408	0.4884881
11409	0.4885992
11410	0.4887129
11411	0.4888266
11412	0.4889403
11413	0.4890539
11414	0.4891556
11415	0.4892555
11416	0.4893554
11417	0.4894554
11418	0.4895554
11419	0.4896613
11420	0.4897681
11421	0.4898748
11422	0.4899817
11423	0.4900886
11424	0.490177
11425	0.4902627
11426	0.4903485
11427	0.4904343
11428	0.4905201
11429	0.4906081
11430	0.4906964
11431	0.4907846
11432	0.4908729
11433	0.4909612
11434	0.4910415
11435	0.4911205
11436	0.4911996
11437	0.4912787
11438	0.4913579
11439	0.4914114
11440	0.4914612
11441	0.491553
11442	0.4916447
11443	0.4917366
11444	0.4918155
11445	0.4918925
11446	0.4919696
11447	0.4920466
11448	0.4921235
11449	0.4921922
11450	0.4922595
11451	0.4922849
11452	0.4923102
11453	0.4923358
11454	0.4923426
11455	0.4923466
11456	0.4923507
11457	0.4923547
11458	0.4923588
11459	0.4923551
11460	0.4923505
11461	0.4923458
11462	0.4923411
11463	0.4923365
11464	0.4923274
11465	0.4923176
11466	0.4923079
11467	0.4922983
11468	0.4922886
11469	0.492287
11470	0.4922868
11471	0.4922866
11472	0.4922864
11473	0.4922863
11474	0.4922407
11475	0.4921879
11476	0.492135
11477	0.4920821
11478	0.4920292
11479	0.4919704
11480	0.4919105
11481	0.4918506
11482	0.4917908
11483	0.4917309
11484	0.4916632
11485	0.4915942
11486	0.4915252
11487	0.4914562
11488	0.4913873
11489	0.4913234
11490	0.4912604
11491	0.4912392
11492	0.4912182
11493	0.491197
11494	0.4911781
11495	0.4911597
11496	0.4911411
11497	0.4911225
11498	0.4911039
11499	0.4910915
11500	0.4910801
11501	0.4910244
11502	0.4909685
11503	0.4909127
11504	0.4908465
11505	0.4907786
11506	0.4907107
11507	0.4906428
11508	0.4905748
11509	0.4905172
11510	0.4904615
11511	0.4904058
11512	0.4903501
11513	0.4902943
11514	0.4902628
11515	0.4902357
11516	0.4902087
11517	0.4901816
11518	0.4901544
11519	0.4901238
11520	0.4900928
11521	0.4900616
11522	0.4900306
11523	0.4899994
11524	0.4899893
11525	0.4899831
11526	0.4899768
11527	0.4899705
11528	0.4899643
11529	0.4899424
11530	0.4899181
11531	0.4898936
11532	0.4898692
11533	0.4898449
11534	0.4898838
11535	0.4899341
11536	0.4899847
11537	0.4900351
11538	0.4900856
11539	0.4901616
11540	0.4902424
11541	0.4903647
11542	0.4904875
11543	0.4906097
11544	0.4907551
11545	0.4909047
11546	0.4910543
11547	0.4912036
11548	0.4913533
11549	0.4915277
11550	0.4917064
11551	0.4918435
11552	0.4919804
11553	0.4921176
11554	0.4922734
11555	0.4924327
11556	0.4925922
11557	0.4927518
11558	0.4929115
11559	0.4930882
11560	0.493268
11561	0.4934477
11562	0.4936279
11563	0.4938079
11564	0.4940073
11565	0.4942101
11566	0.4944136
11567	0.4946168
11568	0.49482
11569	0.4950373
11570	0.495257
11571	0.4954769
11572	0.4956968
11573	0.4959167
11574	0.4961692
11575	0.4964291
11576	0.4966886
11577	0.4969483
11578	0.4972079
11579	0.4974661
11580	0.4977241
11581	0.4979823
11582	0.4982404
11583	0.4984983
11584	0.4987559
11585	0.4990133
11586	0.4992707
11587	0.4995277
11588	0.4997854
11589	0.5000285
11590	0.5002688
11591	0.5005516
11592	0.5008346
11593	0.5011173
11594	0.5014114
11595	0.5017074
11596	0.5020033
11597	0.5022998
11598	0.502596
11599	0.50288
11600	0.5031615
11601	0.5034005
11602	0.5036395
11603	0.5038787
11604	0.5041084
11605	0.5043359
11606	0.5045641
11607	0.504792
11608	0.5050198
11609	0.5052398
11610	0.505458
11611	0.5056762
11612	0.5058943
11613	0.5061128
11614	0.5063151
11615	0.5065143
11616	0.5067133
11617	0.5069126
11618	0.5071118
11619	0.5072787
11620	0.5074385
11621	0.5075983
11622	0.5077583
11623	0.5079181
11624	0.5080794
11625	0.5082409
11626	0.5084023
11627	0.5085638
11628	0.5087253
11629	0.5088413
11630	0.5089473
11631	0.5090964
11632	0.5092456
11633	0.5093949
11634	0.5095342
11635	0.5096712
11636	0.5098085
11637	0.5099457
11638	0.5100828
11639	0.5101922
11640	0.5102953
11641	0.5103551
11642	0.5104146
11643	0.5104743
11644	0.5105112
11645	0.510543
11646	0.5105748
11647	0.5106066
11648	0.5106383
11649	0.5106333
11650	0.5106198
11651	0.5106061
11652	0.5105926
11653	0.5105789
11654	0.5105437
11655	0.5105035
11656	0.5104632
11657	0.5104229
11658	0.5103826
11659	0.5103166
11660	0.5102444
11661	0.5101722
11662	0.5101002
11663	0.5100279
11664	0.5099281
11665	0.5098218
11666	0.5097152
11667	0.5096086
11668	0.5095022
11669	0.5094031
11670	0.5093058
11671	0.5092084
11672	0.5091111
11673	0.5090138
11674	0.5088988
11675	0.5087796
11676	0.5086604
11677	0.508541
11678	0.5084217
11679	0.5082977
11680	0.5081725
11681	0.5080903
11682	0.5080083
11683	0.5079262
11684	0.5078359
11685	0.5077435
11686	0.5076512
11687	0.5075588
11688	0.5074664
11689	0.5073636
11690	0.5072582
11691	0.5071096
11692	0.5069612
11693	0.5068125
11694	0.5066804
11695	0.506552
11696	0.5064239
11697	0.5062954
11698	0.5061669
11699	0.5060365
11700	0.5059055
11701	0.5057744
11702	0.5056431
11703	0.5055121
11704	0.5053981
11705	0.5052887
11706	0.5051788
11707	0.5050692
11708	0.5049596
11709	0.5048522
11710	0.5047457
11711	0.5046386
11712	0.5045319
11713	0.5044252
11714	0.5043147
11715	0.5042028
11716	0.5040914
11717	0.5039798
11718	0.503868
11719	0.5037808
11720	0.5036997
11721	0.5036614
11722	0.5036228
11723	0.5035847
11724	0.5035579
11725	0.5035343
11726	0.5035106
11727	0.5034868
11728	0.5034629
11729	0.5034726
11730	0.5034904
11731	0.503466
11732	0.5034414
11733	0.5034168
11734	0.5033852
11735	0.5033519
11736	0.5033187
11737	0.5032852
11738	0.5032519
11739	0.5032566
11740	0.5032716
11741	0.5032867
11742	0.5033018
11743	0.503317
11744	0.5033395
11745	0.5033643
11746	0.5033889
11747	0.5034136
11748	0.5034384
11749	0.5034732
11750	0.5035105
11751	0.5035481
11752	0.5035858
11753	0.5036232
11754	0.503669
11755	0.5037172
11756	0.5037653
11757	0.5038136
11758	0.5038621
11759	0.5039411
11760	0.5040287
11761	0.5041161
11762	0.5042036
11763	0.5042909
11764	0.5043753
11765	0.5044585
11766	0.5045419
11767	0.5046253
11768	0.5047088
11769	0.5047978
11770	0.5048883
11771	0.5050218
11772	0.5051552
11773	0.5052887
11774	0.505429
11775	0.5055715
11776	0.5057141
11777	0.5058568
11778	0.5059993
11779	0.5061412
11780	0.5062832
11781	0.5063822
11782	0.5064812
11783	0.5065804
11784	0.5066865
11785	0.5067947
11786	0.5069032
11787	0.5070116
11788	0.5071198
11789	0.5072249
11790	0.5073288
11791	0.5074329
11792	0.5075371
11793	0.507641
11794	0.5077273
11795	0.5078083
11796	0.5078888
11797	0.5079696
11798	0.5080504
11799	0.5081251
11800	0.508198
11801	0.508264
11802	0.5083299
11803	0.5083959
11804	0.5084565
11805	0.5085156
11806	0.5085748
11807	0.5086339
11808	0.508693
11809	0.5087509
11810	0.5088084
11811	0.508909
11812	0.5090098
11813	0.5091105
11814	0.5091977
11815	0.5092804
11816	0.5093637
11817	0.5094467
11818	0.5095298
11819	0.5095882
11820	0.5096392
11821	0.5096471
11822	0.5096549
11823	0.5096627
11824	0.5096651
11825	0.509666
11826	0.5096667
11827	0.5096676
11828	0.5096684
11829	0.5096569
11830	0.5096419
11831	0.5096268
11832	0.5096116
11833	0.5095965
11834	0.5095612
11835	0.5095198
11836	0.5094783
11837	0.5094369
11838	0.5093953
11839	0.509358
11840	0.5093215
11841	0.5092852
11842	0.5092489
11843	0.5092124
11844	0.5091616
11845	0.5091064
11846	0.5090511
11847	0.5089957
11848	0.5089403
11849	0.5088654
11850	0.508784
11851	0.5087457
11852	0.5087075
11853	0.5086691
11854	0.5086386
11855	0.5086102
11856	0.5085818
11857	0.5085534
11858	0.5085249
11859	0.5084853
11860	0.5084419
11861	0.5083559
11862	0.5082694
11863	0.5081832
11864	0.5081028
11865	0.5080246
11866	0.5079464
11867	0.5078682
11868	0.5077899
11869	0.507699
11870	0.5076041
11871	0.5075091
11872	0.5074142
11873	0.5073192
11874	0.5072237
11875	0.5071278
11876	0.5070322
11877	0.5069362
11878	0.5068401
11879	0.5067554
11880	0.5066741
11881	0.5065931
11882	0.5065119
11883	0.5064307
11884	0.5063596
11885	0.5062917
11886	0.5062239
11887	0.5061558
11888	0.5060881
11889	0.5060269
11890	0.5059679
11891	0.5059516
11892	0.5059355
11893	0.5059194
11894	0.5059016
11895	0.5058833
11896	0.5058653
11897	0.5058469
11898	0.5058286
11899	0.5058579
11900	0.5059037
11901	0.5059066
11902	0.5059097
11903	0.5059124
11904	0.5059149
11905	0.5059173
11906	0.5059195
11907	0.5059219
11908	0.5059242
11909	0.5059311
11910	0.5059397
11911	0.5059482
11912	0.5059568
11913	0.5059652
11914	0.50597
11915	0.5059735
11916	0.5059771
11917	0.5059806
11918	0.5059841
11919	0.505999
11920	0.5060183
11921	0.5060372
11922	0.5060565
11923	0.5060756
11924	0.5061139
11925	0.5061589
11926	0.506204
11927	0.506249
11928	0.506294
11929	0.5063488
11930	0.5064073
11931	0.506466
11932	0.5065244
11933	0.5065831
11934	0.5066472
11935	0.5067135
11936	0.5067796
11937	0.5068457
11938	0.5069118
11939	0.5069724
11940	0.5070311
11941	0.5071325
11942	0.5072341
11943	0.5073354
11944	0.507422
11945	0.507503
11946	0.5075839
11947	0.5076647
11948	0.5077457
11949	0.5078782
11950	0.5080297
11951	0.5081382
11952	0.5082464
11953	0.5083551
11954	0.5084674
11955	0.5085811
11956	0.5086948
11957	0.5088087
11958	0.5089227
11959	0.5090365
11960	0.5091501
11961	0.5092638
11962	0.5093774
11963	0.5094914
11964	0.5096003
11965	0.5097077
11966	0.5098149
11967	0.5099223
11968	0.5100296
11969	0.5101499
11970	0.5102748
11971	0.5104001
11972	0.510525
11973	0.5106502
11974	0.5107901
11975	0.5109357
11976	0.5110814
11977	0.5112271
11978	0.5113726
11979	0.5114841
11980	0.5115825
11981	0.5117239
11982	0.5118656
11983	0.5120074
11984	0.5121365
11985	0.5122612
11986	0.5123856
11987	0.5125101
11988	0.5126345
11989	0.5127502
11990	0.5128626
11991	0.5129316
11992	0.5130008
11993	0.5130698
11994	0.513124
11995	0.5131721
11996	0.5132201
11997	0.5132683
11998	0.5133163
11999	0.5133627
12000	0.5134084
12001	0.5134605
12002	0.5135126
12003	0.5135646
12004	0.5136149
12005	0.5136645
12006	0.5137141
12007	0.5137638
12008	0.5138135
12009	0.5138687
12010	0.5139262
12011	0.5139834
12012	0.5140409
12013	0.5140981
12014	0.5141524
12015	0.5142052
12016	0.514258
12017	0.5143108
12018	0.5143639
12019	0.5144174
12020	0.5144714
12021	0.5145686
12022	0.514666
12023	0.5147635
12024	0.5148413
12025	0.5149108
12026	0.5149806
12027	0.5150504
12028	0.5151199
12029	0.5151768
12030	0.5152283
12031	0.5152364
12032	0.5152443
12033	0.5152524
12034	0.5152497
12035	0.5152424
12036	0.5152349
12037	0.5152278
12038	0.5152203
12039	0.5152102
12040	0.5151984
12041	0.515187
12042	0.5151753
12043	0.5151638
12044	0.5151281
12045	0.5150825
12046	0.5150368
12047	0.5149911
12048	0.5149454
12049	0.5149152
12050	0.5148914
12051	0.5148674
12052	0.5148434
12053	0.5148197
12054	0.5148008
12055	0.5147842
12056	0.5147675
12057	0.5147508
12058	0.5147341
12059	0.5147318
12060	0.5147359
12061	0.5147831
12062	0.5148306
12063	0.514878
12064	0.5149147
12065	0.5149468
12066	0.5149789
12067	0.5150109
12068	0.5150429
12069	0.5150801
12070	0.5151194
12071	0.5151153
12072	0.5151111
12073	0.515107
12074	0.5151154
12075	0.5151296
12076	0.5151434
12077	0.5151574
12078	0.5151713
12079	0.5152016
12080	0.5152389
12081	0.5152764
12082	0.5153138
12083	0.5153512
12084	0.5153918
12085	0.5154339
12086	0.515476
12087	0.5155182
12088	0.5155602
12089	0.5156075
12090	0.5156573
12091	0.5157071
12092	0.5157568
12093	0.5158067
12094	0.5158486
12095	0.5158873
12096	0.5159257
12097	0.5159644
12098	0.516003
12099	0.5160513
12100	0.5161037
12101	0.5161997
12102	0.5162961
12103	0.5163919
12104	0.5164896
12105	0.516588
12106	0.5166867
12107	0.5167854
12108	0.516884
12109	0.5169805
12110	0.5170763
12111	0.5171284
12112	0.5171807
12113	0.5172328
12114	0.5172973
12115	0.5173672
12116	0.5174373
12117	0.5175073
12118	0.5175772
12119	0.5176453
12120	0.5177129
12121	0.5177801
12122	0.5178472
12123	0.5179145
12124	0.5179768
12125	0.5180367
12126	0.5180966
12127	0.5181565
12128	0.5182165
12129	0.518284
12130	0.5183557
12131	0.518427
12132	0.5184982
12133	0.5185698
12134	0.5186311
12135	0.5186877
12136	0.5187441
12137	0.5188007
12138	0.5188572
12139	0.5189176
12140	0.5189796
12141	0.5190858
12142	0.5191914
12143	0.5192971
12144	0.519401
12145	0.5195039
12146	0.5196068
12147	0.5197097
12148	0.5198125
12149	0.5198991
12150	0.519978
12151	0.5200132
12152	0.5200481
12153	0.5200832
12154	0.5201151
12155	0.5201453
12156	0.5201756
12157	0.5202059
12158	0.5202364
12159	0.5202257
12160	0.5201954
12161	0.520165
12162	0.5201346
12163	0.5201043
12164	0.5201057
12165	0.5201227
12166	0.5201398
12167	0.5201568
12168	0.5201741
12169	0.5201725
12170	0.5201614
12171	0.5201505
12172	0.5201396
12173	0.5201288
12174	0.5201107
12175	0.5200893
12176	0.5200679
12177	0.5200462
12178	0.5200248
12179	0.5200067
12180	0.5199903
12181	0.5200177
12182	0.5200452
12183	0.5200727
12184	0.5200918
12185	0.5201066
12186	0.5201214
12187	0.520136
12188	0.5201507
12189	0.5201516
12190	0.5201454
12191	0.5200953
12192	0.5200453
12193	0.5199955
12194	0.5199511
12195	0.5199093
12196	0.5198672
12197	0.5198255
12198	0.5197835
12199	0.5197377
12200	0.5196901
12201	0.5196376
12202	0.5195853
12203	0.5195328
12204	0.5194594
12205	0.5193756
12206	0.5192916
12207	0.5192077
12208	0.5191237
12209	0.519034
12210	0.5189415
12211	0.5188925
12212	0.5188435
12213	0.5187945
12214	0.5187437
12215	0.5186921
12216	0.5186402
12217	0.5185886
12218	0.5185367
12219	0.5184841
12220	0.5184306
12221	0.5183337
12222	0.518237
12223	0.5181401
12224	0.5180401
12225	0.5179381
12226	0.5178363
12227	0.5177343
12228	0.5176324
12229	0.5175139
12230	0.5173868
12231	0.5172596
12232	0.5171322
12233	0.5170048
12234	0.5169002
12235	0.5168071
12236	0.5167142
12237	0.5166211
12238	0.516528
12239	0.5164499
12240	0.51638
12241	0.5163102
12242	0.5162402
12243	0.5161703
12244	0.5161034
12245	0.5160382
12246	0.5159729
12247	0.5159075
12248	0.5158421
12249	0.5157869
12250	0.5157372
12251	0.5157307
12252	0.5157241
12253	0.5157176
12254	0.515735
12255	0.5157651
12256	0.5157954
12257	0.5158257
12258	0.5158558
12259	0.5158899
12260	0.5159262
12261	0.5159193
12262	0.5159122
12263	0.5159051
12264	0.5159345
12265	0.5159836
12266	0.516033
12267	0.5160822
12268	0.5161315
12269	0.5161563
12270	0.5161676
12271	0.5161788
12272	0.5161902
12273	0.5162014
12274	0.5162345
12275	0.51628
12276	0.5163254
12277	0.5163708
12278	0.5164163
12279	0.5164739
12280	0.5165384
12281	0.5166029
12282	0.5166676
12283	0.516732
12284	0.5167961
12285	0.51686
12286	0.516924
12287	0.5169881
12288	0.5170519
12289	0.5171335
12290	0.5172252
12291	0.5173606
12292	0.517496
12293	0.5176313
12294	0.517777
12295	0.5179287
12296	0.5180804
12297	0.5182321
12298	0.518384
12299	0.5185412
12300	0.5187016
12301	0.5188186
12302	0.5189354
12303	0.5190521
12304	0.5191773
12305	0.5193071
12306	0.5194368
12307	0.5195665
12308	0.5196963
12309	0.5198343
12310	0.5199774
12311	0.5201203
12312	0.520263
12313	0.5204061
12314	0.5205548
12315	0.5207068
12316	0.5208589
12317	0.521011
12318	0.521163
12319	0.5213144
12320	0.5214652
12321	0.5216157
12322	0.5217665
12323	0.5219172
12324	0.522066
12325	0.5222138
12326	0.5223616
12327	0.5225094
12328	0.5226572
12329	0.5228077
12330	0.5229604
12331	0.5231566
12332	0.523353
12333	0.5235496
12334	0.5237448
12335	0.5239396
12336	0.5241346
12337	0.5243292
12338	0.524524
12339	0.5247118
12340	0.5248953
12341	0.5250347
12342	0.525174
12343	0.5253134
12344	0.5254501
12345	0.5255854
12346	0.5257204
12347	0.5258554
12348	0.5259905
12349	0.5261194
12350	0.5262447
12351	0.52637
12352	0.5264954
12353	0.5266207
12354	0.5267326
12355	0.526836
12356	0.5269393
12357	0.527043
12358	0.5271466
12359	0.5272438
12360	0.527337
12361	0.5274299
12362	0.5275232
12363	0.5276164
12364	0.5277
12365	0.5277775
12366	0.5278553
12367	0.527933
12368	0.5280108
12369	0.5280783
12370	0.5281396
12371	0.5282452
12372	0.5283508
12373	0.5284563
12374	0.5285472
12375	0.5286289
12376	0.5287108
12377	0.5287925
12378	0.5288745
12379	0.5289558
12380	0.5290371
12381	0.529074
12382	0.529111
12383	0.5291483
12384	0.5291656
12385	0.5291708
12386	0.5291758
12387	0.5291811
12388	0.5291861
12389	0.5291891
12390	0.5291905
12391	0.529192
12392	0.5291933
12393	0.5291948
12394	0.5291902
12395	0.5291815
12396	0.5291724
12397	0.5291634
12398	0.5291545
12399	0.5291264
12400	0.5290858
12401	0.5290516
12402	0.5290174
12403	0.5289833
12404	0.5289516
12405	0.5289218
12406	0.528892
12407	0.5288622
12408	0.5288324
12409	0.5287948
12410	0.5287522
12411	0.5287538
12412	0.5287554
12413	0.5287569
12414	0.5287529
12415	0.5287454
12416	0.528738
12417	0.5287303
12418	0.5287229
12419	0.5287144
12420	0.5287055
12421	0.5286522
12422	0.5285988
12423	0.5285456
12424	0.5284881
12425	0.5284279
12426	0.5283676
12427	0.5283071
12428	0.5282468
12429	0.5281722
12430	0.5280883
12431	0.5280041
12432	0.5279201
12433	0.5278361
12434	0.527757
12435	0.5276809
12436	0.5276048
12437	0.527529
12438	0.527453
12439	0.5273952
12440	0.5273494
12441	0.5273037
12442	0.5272579
12443	0.5272125
12444	0.5271751
12445	0.5271435
12446	0.5271121
12447	0.5270804
12448	0.5270489
12449	0.52702
12450	0.5269929
12451	0.5270098
12452	0.527027
12453	0.5270439
12454	0.5270746
12455	0.5271146
12456	0.5271546
12457	0.5271947
12458	0.5272347
12459	0.5272794
12460	0.5273278
12461	0.527332
12462	0.5273362
12463	0.5273404
12464	0.5273493
12465	0.5273615
12466	0.5273736
12467	0.5273858
12468	0.5273981
12469	0.5274315
12470	0.5274801
12471	0.5275286
12472	0.527577
12473	0.5276254
12474	0.5276857
12475	0.5277542
12476	0.5278229
12477	0.5278913
12478	0.5279598
12479	0.5280212
12480	0.5280775
12481	0.5281338
12482	0.5281901
12483	0.5282464
12484	0.5283009
12485	0.5283541
12486	0.5284071
12487	0.5284603
12488	0.5285136
12489	0.5285744
12490	0.5286409
12491	0.5287518
12492	0.5288624
12493	0.5289732
12494	0.5290905
12495	0.5292123
12496	0.529334
12497	0.529456
12498	0.5295777
12499	0.529703
12500	0.5298309
12501	0.5299025
12502	0.5299742
12503	0.5300458
12504	0.530118
12505	0.5301907
12506	0.5302636
12507	0.5303364
12508	0.530409
12509	0.5304779
12510	0.5305442
12511	0.5306106
12512	0.5306764
12513	0.5307426
12514	0.5308141
12515	0.5308896
12516	0.5309654
12517	0.5310407
12518	0.5311162
12519	0.5311946
12520	0.5312751
12521	0.5313553
12522	0.5314357
12523	0.5315162
12524	0.5315851
12525	0.5316457
12526	0.531706
12527	0.5317666
12528	0.5318271
12529	0.5318846
12530	0.5319406
12531	0.5320407
12532	0.5321412
12533	0.5322413
12534	0.5323409
12535	0.5324398
12536	0.5325391
12537	0.5326379
12538	0.5327368
12539	0.5328197
12540	0.5328905
12541	0.532917
12542	0.5329434
12543	0.5329697
12544	0.5329905
12545	0.5330071
12546	0.5330238
12547	0.5330401
12548	0.5330567
12549	0.5330698
12550	0.53308
12551	0.5330904
12552	0.5331005
12553	0.5331109
12554	0.533103
12555	0.5330811
12556	0.5330594
12557	0.5330375
12558	0.5330157
12559	0.5329913
12560	0.5329646
12561	0.5329824
12562	0.5330003
12563	0.5330182
12564	0.5330231
12565	0.5330184
12566	0.5330135
12567	0.5330088
12568	0.5330041
12569	0.5329899
12570	0.5329685
12571	0.5329025
12572	0.5328365
12573	0.5327706
12574	0.5326884
12575	0.5325934
12576	0.5324984
12577	0.5324036
12578	0.5323086
12579	0.5322099
12580	0.5321075
12581	0.5320056
12582	0.5319035
12583	0.5318016
12584	0.5316928
12585	0.5315789
12586	0.531465
12587	0.531351
12588	0.5312371
12589	0.5311162
12590	0.5309901
12591	0.5308638
12592	0.5307379
12593	0.5306117
12594	0.5304764
12595	0.5303334
12596	0.5301905
12597	0.5300474
12598	0.5299043
12599	0.5297557
12600	0.5296022
12601	0.5294908
12602	0.5293791
12603	0.5292678
12604	0.5291561
12605	0.5290444
12606	0.5289325
12607	0.5288205
12608	0.5287085
12609	0.5285959
12610	0.5284825
12611	0.5283247
12612	0.5281675
12613	0.5280098
12614	0.5278545
12615	0.5277004
12616	0.5275463
12617	0.5273925
12618	0.5272385
12619	0.5270769
12620	0.5269085
12621	0.5267411
12622	0.5265732
12623	0.5264055
12624	0.5262375
12625	0.5260699
12626	0.5259023
12627	0.5257346
12628	0.525567
12629	0.5254106
12630	0.525264
12631	0.5251173
12632	0.5249707
12633	0.5248237
12634	0.5246854
12635	0.5245543
12636	0.5244226
12637	0.5242917
12638	0.5241601
12639	0.5240164
12640	0.5238624
12641	0.5237519
12642	0.5236415
12643	0.523531
12644	0.5234376
12645	0.5233587
12646	0.5232796
12647	0.5232004
12648	0.5231214
12649	0.523067
12650	0.5230334
12651	0.5229562
12652	0.5228791
12653	0.5228019
12654	0.5227215
12655	0.5226376
12656	0.522554
12657	0.5224704
12658	0.5223868
12659	0.5223208
12660	0.5222695
12661	0.5222185
12662	0.5221672
12663	0.5221161
12664	0.5220846
12665	0.5220703
12666	0.5220559
12667	0.5220416
12668	0.5220276
12669	0.5220213
12670	0.5220222
12671	0.522023
12672	0.5220241
12673	0.5220249
12674	0.5220528
12675	0.5221043
12676	0.5221558
12677	0.5222073
12678	0.5222586
12679	0.5223092
12680	0.5223591
12681	0.5224522
12682	0.5225457
12683	0.522639
12684	0.5227327
12685	0.5228267
12686	0.5229208
12687	0.523015
12688	0.5231092
12689	0.5232158
12690	0.5233333
12691	0.523407
12692	0.5234808
12693	0.5235546
12694	0.5236344
12695	0.5237195
12696	0.5238047
12697	0.5238897
12698	0.523975
12699	0.5240582
12700	0.5241403
12701	0.5242221
12702	0.5243039
12703	0.5243859
12704	0.5244728
12705	0.5245645
12706	0.5246563
12707	0.5247479
12708	0.5248397
12709	0.5249533
12710	0.5250871
12711	0.5252209
12712	0.5253546
12713	0.5254883
12714	0.5256386
12715	0.5258036
12716	0.5259689
12717	0.5261343
12718	0.5262992
12719	0.5264593
12720	0.5266146
12721	0.5268136
12722	0.5270126
12723	0.5272118
12724	0.5274188
12725	0.5276332
12726	0.5278478
12727	0.5280623
12728	0.5282767
12729	0.5285109
12730	0.5287638
12731	0.5289727
12732	0.5291816
12733	0.5293906
12734	0.5295928
12735	0.5297891
12736	0.5299851
12737	0.5301815
12738	0.5303779
12739	0.5305678
12740	0.5307521
12741	0.5309364
12742	0.5311208
12743	0.5313048
12744	0.5314842
12745	0.5316585
12746	0.5318327
12747	0.5320073
12748	0.5321813
12749	0.5323445
12750	0.5324969
12751	0.5326497
12752	0.5328022
12753	0.5329549
12754	0.5331084
12755	0.5332631
12756	0.533418
12757	0.5335726
12758	0.5337275
12759	0.5338818
12760	0.5340358
12761	0.5341895
12762	0.5343434
12763	0.5344971
12764	0.5346295
12765	0.5347406
12766	0.534852
12767	0.5349632
12768	0.5350747
12769	0.5351956
12770	0.5353253
12771	0.5354997
12772	0.5356742
12773	0.5358489
12774	0.5360285
12775	0.5362135
12776	0.5363981
12777	0.5365831
12778	0.5367681
12779	0.536935
12780	0.5370854
12781	0.5371908
12782	0.5372967
12783	0.5374023
12784	0.5375101
12785	0.5376197
12786	0.5377298
12787	0.5378397
12788	0.5379491
12789	0.538061
12790	0.5381749
12791	0.538289
12792	0.5384026
12793	0.5385164
12794	0.5386119
12795	0.5386888
12796	0.5387658
12797	0.5388425
12798	0.5389194
12799	0.5390006
12800	0.5390866
12801	0.5391634
12802	0.5392402
12803	0.539317
12804	0.5394126
12805	0.5395262
12806	0.5396399
12807	0.5397536
12808	0.5398673
12809	0.5399433
12810	0.5399809
12811	0.5400632
12812	0.5401456
12813	0.5402282
12814	0.5403023
12815	0.540368
12816	0.5404338
12817	0.5404996
12818	0.5405655
12819	0.5406357
12820	0.5407107
12821	0.5407407
12822	0.5407709
12823	0.5408009
12824	0.5408211
12825	0.5408313
12826	0.5408412
12827	0.5408513
12828	0.5408613
12829	0.5408623
12830	0.5408539
12831	0.5408455
12832	0.5408371
12833	0.5408287
12834	0.5408239
12835	0.5408229
12836	0.5408218
12837	0.5408207
12838	0.5408198
12839	0.5408135
12840	0.5408017
12841	0.5407899
12842	0.5407783
12843	0.5407667
12844	0.5407484
12845	0.5407239
12846	0.5406994
12847	0.5406748
12848	0.5406502
12849	0.5406255
12850	0.5406002
12851	0.5406199
12852	0.5406397
12853	0.5406594
12854	0.5406708
12855	0.5406731
12856	0.5406753
12857	0.5406777
12858	0.54068
12859	0.5406837
12860	0.540689
12861	0.5406494
12862	0.5406097
12863	0.5405703
12864	0.5405303
12865	0.5404898
12866	0.5404494
12867	0.5404089
12868	0.5403685
12869	0.5403208
12870	0.5402654
12871	0.5402098
12872	0.5401544
12873	0.5400991
12874	0.5400383
12875	0.5399716
12876	0.5399051
12877	0.5398384
12878	0.5397719
12879	0.5397065
12880	0.5396426
12881	0.5395787
12882	0.5395149
12883	0.539451
12884	0.5393704
12885	0.5392714
12886	0.5391726
12887	0.5390737
12888	0.5389748
12889	0.5388821
12890	0.538796
12891	0.5387551
12892	0.5387138
12893	0.5386725
12894	0.5386259
12895	0.5385732
12896	0.5385205
12897	0.538468
12898	0.5384152
12899	0.5383487
12900	0.538267
12901	0.5381406
12902	0.5380143
12903	0.537888
12904	0.5377425
12905	0.5375764
12906	0.5374097
12907	0.5372432
12908	0.5370767
12909	0.5369291
12910	0.5368031
12911	0.5366768
12912	0.5365505
12913	0.5364241
12914	0.5362801
12915	0.5361161
12916	0.5359524
12917	0.5357884
12918	0.5356241
12919	0.5354672
12920	0.5353183
12921	0.5351694
12922	0.5350202
12923	0.5348712
12924	0.5347229
12925	0.5345753
12926	0.5344277
12927	0.5342799
12928	0.5341324
12929	0.5339613
12930	0.5337635
12931	0.5336099
12932	0.5334563
12933	0.5333025
12934	0.5331529
12935	0.5330081
12936	0.532863
12937	0.5327182
12938	0.5325731
12939	0.5324301
12940	0.5322894
12941	0.5321046
12942	0.53192
12943	0.5317351
12944	0.5315414
12945	0.5313374
12946	0.5311335
12947	0.5309292
12948	0.5307251
12949	0.5305134
12950	0.530293
12951	0.5300725
12952	0.529852
12953	0.5296311
12954	0.5294063
12955	0.5291763
12956	0.5289466
12957	0.5287167
12958	0.5284867
12959	0.5282608
12960	0.5280389
12961	0.527817
12962	0.5275946
12963	0.527373
12964	0.5271537
12965	0.5269379
12966	0.5267219
12967	0.5265059
12968	0.5262904
12969	0.5260766
12970	0.5258652
12971	0.5256534
12972	0.525442
12973	0.5252304
12974	0.5250252
12975	0.5248266
12976	0.5246283
12977	0.5244303
12978	0.524232
12979	0.5240273
12980	0.5238136
12981	0.523644
12982	0.5234743
12983	0.5233045
12984	0.5231296
12985	0.5229493
12986	0.5227688
12987	0.5225881
12988	0.5224074
12989	0.5222352
12990	0.5220737
12991	0.5218691
12992	0.5216643
12993	0.5214591
12994	0.5212682
12995	0.5210934
12996	0.5209181
12997	0.5207434
12998	0.5205681
12999	0.5203852
13000	0.5201918
13001	0.5200166
13002	0.5198409
13003	0.5196655
13004	0.5194998
13005	0.5193461
13006	0.519192
13007	0.519038
13008	0.5188842
13009	0.518739
13010	0.5186051
13011	0.5184706
13012	0.5183368
13013	0.5182028
13014	0.5180814
13015	0.5179759
13016	0.5178703
13017	0.5177649
13018	0.5176597
13019	0.5175536
13020	0.5174463
13021	0.5173824
13022	0.5173182
13023	0.5172542
13024	0.5172163
13025	0.5172125
13026	0.5172086
13027	0.5172046
13028	0.5172005
13029	0.517198
13030	0.5171965
13031	0.5171527
13032	0.5171087
13033	0.5170648
13034	0.5170272
13035	0.5169975
13036	0.5169681
13037	0.5169385
13038	0.5169089
13039	0.5169035
13040	0.5169291
13041	0.5169548
13042	0.5169806
13043	0.5170065
13044	0.517033
13045	0.5170612
13046	0.5170894
13047	0.5171177
13048	0.5171458
13049	0.5171891
13050	0.5172524
13051	0.5173158
13052	0.5173791
13053	0.5174424
13054	0.517516
13055	0.5176037
13056	0.5176916
13057	0.5177792
13058	0.5178668
13059	0.5179616
13060	0.5180656
13061	0.5181697
13062	0.5182737
13063	0.5183776
13064	0.5184993
13065	0.5186446
13066	0.5187896
13067	0.5189347
13068	0.5190799
13069	0.5192301
13070	0.5193871
13071	0.519587
13072	0.519787
13073	0.5199869
13074	0.5201954
13075	0.5204152
13076	0.5206351
13077	0.5208551
13078	0.5210752
13079	0.5213056
13080	0.5215503
13081	0.5217519
13082	0.5219537
13083	0.5221553
13084	0.522362
13085	0.5225754
13086	0.5227893
13087	0.5230029
13088	0.5232165
13089	0.5234352
13090	0.523661
13091	0.5238867
13092	0.5241125
13093	0.5243381
13094	0.5245739
13095	0.5248235
13096	0.5250731
13097	0.5253226
13098	0.5255722
13099	0.525827
13100	0.5260893
13101	0.5263515
13102	0.526614
13103	0.5268762
13104	0.5271416
13105	0.5274118
13106	0.527682
13107	0.5279527
13108	0.5282227
13109	0.5284954
13110	0.5287717
13111	0.529048
13112	0.5293243
13113	0.5296007
13114	0.5298709
13115	0.5301326
13116	0.5303947
13117	0.5306562
13118	0.5309181
13119	0.5311844
13120	0.5314571
13121	0.5317738
13122	0.5320904
13123	0.5324069
13124	0.532719
13125	0.533024
13126	0.5333292
13127	0.5336342
13128	0.5339395
13129	0.5342394
13130	0.5345305
13131	0.534778
13132	0.5350252
13133	0.535273
13134	0.5355229
13135	0.5357758
13136	0.5360291
13137	0.5362822
13138	0.5365354
13139	0.5367809
13140	0.5370161
13141	0.537251
13142	0.537486
13143	0.5377212
13144	0.5379512
13145	0.5381735
13146	0.5383965
13147	0.538619
13148	0.5388414
13149	0.5390517
13150	0.5392438
13151	0.5394365
13152	0.5396285
13153	0.539821
13154	0.5400159
13155	0.5402155
13156	0.5404154
13157	0.5406147
13158	0.5408146
13159	0.5410079
13160	0.5411928
13161	0.5414216
13162	0.541651
13163	0.5418801
13164	0.5421081
13165	0.5423337
13166	0.5425594
13167	0.542785
13168	0.5430105
13169	0.5432307
13170	0.5434409
13171	0.5436065
13172	0.543772
13173	0.543938
13174	0.5440953
13175	0.5442412
13176	0.544387
13177	0.5445328
13178	0.5446788
13179	0.5448158
13180	0.5449399
13181	0.5450641
13182	0.5451885
13183	0.5453129
13184	0.5454419
13185	0.5455785
13186	0.5457151
13187	0.5458519
13188	0.5459884
13189	0.5461161
13190	0.5462301
13191	0.5463445
13192	0.5464583
13193	0.5465724
13194	0.5466747
13195	0.5467583
13196	0.546842
13197	0.5469254
13198	0.5470091
13199	0.5470889
13200	0.5471627
13201	0.5472252
13202	0.5472876
13203	0.5473499
13204	0.5474029
13205	0.5474409
13206	0.5474787
13207	0.5475167
13208	0.5475546
13209	0.5475834
13210	0.5475977
13211	0.5476571
13212	0.5477166
13213	0.5477761
13214	0.5478398
13215	0.5479102
13216	0.5479808
13217	0.5480512
13218	0.5481217
13219	0.5481744
13220	0.5481994
13221	0.5481795
13222	0.5481594
13223	0.5481392
13224	0.5481295
13225	0.5481365
13226	0.5481434
13227	0.5481504
13228	0.5481575
13229	0.5481627
13230	0.5481645
13231	0.5481668
13232	0.5481689
13233	0.5481708
13234	0.5481711
13235	0.5481682
13236	0.5481653
13237	0.5481623
13238	0.5481595
13239	0.5481621
13240	0.5481739
13241	0.5481854
13242	0.5481974
13243	0.5482092
13244	0.5482237
13245	0.5482424
13246	0.5482612
13247	0.5482799
13248	0.5482988
13249	0.5483178
13250	0.548337
13251	0.5483564
13252	0.5483756
13253	0.5483948
13254	0.5484011
13255	0.5483857
13256	0.5483702
13257	0.5483548
13258	0.5483394
13259	0.5483246
13260	0.5483108
13261	0.5482972
13262	0.5482832
13263	0.5482697
13264	0.5482501
13265	0.5482212
13266	0.5481921
13267	0.5481631
13268	0.548134
13269	0.5481033
13270	0.5480701
13271	0.5480819
13272	0.5480939
13273	0.5481058
13274	0.5481064
13275	0.5480884
13276	0.5480705
13277	0.5480524
13278	0.5480344
13279	0.5480164
13280	0.5479994
13281	0.5479372
13282	0.547875
13283	0.5478128
13284	0.5477581
13285	0.5477161
13286	0.5476745
13287	0.5476328
13288	0.5475909
13289	0.5475422
13290	0.5474812
13291	0.5474207
13292	0.5473598
13293	0.547299
13294	0.5472423
13295	0.5471929
13296	0.5471435
13297	0.5470942
13298	0.5470448
13299	0.5469908
13300	0.5469283
13301	0.5468662
13302	0.5468039
13303	0.5467418
13304	0.5466861
13305	0.5466422
13306	0.5465987
13307	0.5465549
13308	0.5465112
13309	0.5464507
13310	0.5463607
13311	0.5462704
13312	0.5461804
13313	0.5460901
13314	0.5459889
13315	0.5458681
13316	0.5457476
13317	0.5456266
13318	0.5455059
13319	0.545386
13320	0.5452673
13321	0.5451937
13322	0.5451198
13323	0.5450461
13324	0.5449684
13325	0.5448836
13326	0.5447987
13327	0.5447139
13328	0.5446289
13329	0.5445262
13330	0.5443922
13331	0.5442128
13332	0.5440339
13333	0.5438547
13334	0.5436823
13335	0.5435206
13336	0.5433591
13337	0.5431979
13338	0.5430362
13339	0.5428632
13340	0.542668
13341	0.5424733
13342	0.5422782
13343	0.5420834
13344	0.5418736
13345	0.5416372
13346	0.541401
13347	0.5411645
13348	0.5409283
13349	0.5407003
13350	0.5404887
13351	0.5402771
13352	0.5400654
13353	0.5398532
13354	0.539637
13355	0.5394117
13356	0.5391865
13357	0.5389615
13358	0.5387359
13359	0.5385082
13360	0.5382747
13361	0.5380414
13362	0.5378077
13363	0.5375744
13364	0.5373415
13365	0.5371095
13366	0.5368778
13367	0.5366454
13368	0.5364139
13369	0.5361764
13370	0.5359281
13371	0.5356793
13372	0.5354313
13373	0.5351828
13374	0.5349392
13375	0.5347036
13376	0.5344679
13377	0.5342328
13378	0.5339974
13379	0.5337579
13380	0.5335088
13381	0.5333045
13382	0.5330998
13383	0.5328954
13384	0.5326918
13385	0.5324906
13386	0.5322896
13387	0.5320884
13388	0.5318875
13389	0.5316906
13390	0.5315035
13391	0.5312724
13392	0.5310415
13393	0.5308103
13394	0.5305879
13395	0.5303821
13396	0.5301761
13397	0.5299701
13398	0.529764
13399	0.5295566
13400	0.5293458
13401	0.5291064
13402	0.5288665
13403	0.528627
13404	0.5283823
13405	0.5281275
13406	0.5278728
13407	0.5276179
13408	0.5273632
13409	0.5271132
13410	0.5268727
13411	0.5266323
13412	0.5263919
13413	0.5261515
13414	0.5259165
13415	0.525691
13416	0.525466
13417	0.5252408
13418	0.5250157
13419	0.524794
13420	0.5245797
13421	0.5243652
13422	0.5241507
13423	0.5239365
13424	0.5237207
13425	0.5235023
13426	0.5232838
13427	0.5230653
13428	0.5228471
13429	0.5226411
13430	0.5224599
13431	0.5222785
13432	0.522097
13433	0.5219157
13434	0.5217461
13435	0.5216004
13436	0.5214548
13437	0.5213093
13438	0.5211636
13439	0.5210362
13440	0.5209464
13441	0.5208995
13442	0.5208528
13443	0.5208059
13444	0.5207626
13445	0.5207267
13446	0.520691
13447	0.5206553
13448	0.5206195
13449	0.520586
13450	0.5205577
13451	0.5204867
13452	0.5204155
13453	0.5203446
13454	0.5202734
13455	0.5202023
13456	0.5201311
13457	0.52006
13458	0.5199888
13459	0.5199155
13460	0.5198376
13461	0.5197597
13462	0.5196817
13463	0.5196039
13464	0.5195475
13465	0.5195369
13466	0.5195262
13467	0.5195158
13468	0.5195051
13469	0.5195079
13470	0.5195392
13471	0.5195704
13472	0.5196016
13473	0.5196328
13474	0.5196772
13475	0.5197501
13476	0.519823
13477	0.5198957
13478	0.5199685
13479	0.5200287
13480	0.5200616
13481	0.5200946
13482	0.5201275
13483	0.5201604
13484	0.5201944
13485	0.5202306
13486	0.5202668
13487	0.520303
13488	0.520339
13489	0.520384
13490	0.5204479
13491	0.5205116
13492	0.5205755
13493	0.5206395
13494	0.5207189
13495	0.520833
13496	0.5209472
13497	0.5210612
13498	0.5211754
13499	0.5212905
13500	0.5214079
13501	0.5215611
13502	0.5217147
13503	0.5218682
13504	0.5220188
13505	0.5221634
13506	0.5223078
13507	0.5224525
13508	0.522597
13509	0.5227531
13510	0.5229354
13511	0.5230753
13512	0.5232148
13513	0.5233545
13514	0.5234903
13515	0.523618
13516	0.5237458
13517	0.5238734
13518	0.5240008
13519	0.5241216
13520	0.5242272
13521	0.5243323
13522	0.5244376
13523	0.5245427
13524	0.5246542
13525	0.5247797
13526	0.5249053
13527	0.5250306
13528	0.525156
13529	0.5252912
13530	0.5254474
13531	0.525604
13532	0.5257606
13533	0.5259174
13534	0.5260851
13535	0.5262802
13536	0.5264751
13537	0.5266697
13538	0.5268648
13539	0.5270396
13540	0.527168
13541	0.5272965
13542	0.5274253
13543	0.5275536
13544	0.5276695
13545	0.5277564
13546	0.5278432
13547	0.5279304
13548	0.528017
13549	0.528128
13550	0.5282961
13551	0.5284643
13552	0.528632
13553	0.5288
13554	0.5289594
13555	0.5290989
13556	0.5292383
13557	0.5293773
13558	0.5295169
13559	0.5296659
13560	0.5298395
13561	0.5300123
13562	0.5301854
13563	0.5303583
13564	0.5305103
13565	0.5306108
13566	0.5307109
13567	0.5308112
13568	0.5309114
13569	0.5310169
13570	0.531134
13571	0.5312948
13572	0.5314555
13573	0.5316164
13574	0.5317824
13575	0.5319617
13576	0.5321408
13577	0.5323201
13578	0.5324995
13579	0.532665
13580	0.5327975
13581	0.5328861
13582	0.532975
13583	0.533064
13584	0.533166
13585	0.5333015
13586	0.5334367
13587	0.5335721
13588	0.5337073
13589	0.5338371
13590	0.5339535
13591	0.5340701
13592	0.5341865
13593	0.5343028
13594	0.5344105
13595	0.5344948
13596	0.5345791
13597	0.5346634
13598	0.5347477
13599	0.5348454
13600	0.5349764
13601	0.5350063
13602	0.5350363
13603	0.5350661
13604	0.5350923
13605	0.5351092
13606	0.5351261
13607	0.5351431
13608	0.5351597
13609	0.5351669
13610	0.5351489
13611	0.5351311
13612	0.5351132
13613	0.5350952
13614	0.5350702
13615	0.5350274
13616	0.5349848
13617	0.534942
13618	0.5348992
13619	0.5348643
13620	0.5348495
13621	0.5348346
13622	0.5348198
13623	0.5348049
13624	0.5347933
13625	0.5347899
13626	0.5347865
13627	0.5347831
13628	0.5347796
13629	0.5347733
13630	0.5347603
13631	0.5347471
13632	0.5347338
13633	0.5347207
13634	0.5347096
13635	0.5347043
13636	0.5346991
13637	0.5346938
13638	0.5346884
13639	0.5346797
13640	0.5346614
13641	0.5346431
13642	0.5346248
13643	0.5346064
13644	0.5345797
13645	0.5345294
13646	0.5344793
13647	0.5344291
13648	0.5343789
13649	0.5343373
13650	0.5343192
13651	0.5343448
13652	0.5343704
13653	0.5343958
13654	0.5344156
13655	0.5344191
13656	0.5344228
13657	0.5344263
13658	0.5344297
13659	0.5344419
13660	0.5344787
13661	0.5344716
13662	0.5344642
13663	0.534457
13664	0.5344382
13665	0.5343875
13666	0.5343367
13667	0.534286
13668	0.5342352
13669	0.5341855
13670	0.5341393
13671	0.5340931
13672	0.5340467
13673	0.5340003
13674	0.5339471
13675	0.5338743
13676	0.5338014
13677	0.5337286
13678	0.5336557
13679	0.5335826
13680	0.5335086
13681	0.5334346
13682	0.5333606
13683	0.5332866
13684	0.53322
13685	0.5331744
13686	0.5331287
13687	0.5330833
13688	0.5330375
13689	0.5329893
13690	0.5329331
13691	0.5328767
13692	0.5328205
13693	0.5327642
13694	0.5327021
13695	0.5326223
13696	0.5325428
13697	0.5324632
13698	0.5323834
13699	0.5322998
13700	0.5322034
13701	0.5321074
13702	0.5320113
13703	0.5319151
13704	0.5318126
13705	0.5316919
13706	0.5315716
13707	0.531451
13708	0.5313308
13709	0.5312112
13710	0.5310958
13711	0.5309803
13712	0.5308648
13713	0.5307488
13714	0.530639
13715	0.5305453
13716	0.5304518
13717	0.5303582
13718	0.5302643
13719	0.5301725
13720	0.5300859
13721	0.5299992
13722	0.5299124
13723	0.5298257
13724	0.5297309
13725	0.5296119
13726	0.529493
13727	0.5293738
13728	0.5292547
13729	0.5291333
13730	0.5290049
13731	0.528876
13732	0.5287477
13733	0.528619
13734	0.528488
13735	0.5283483
13736	0.5282087
13737	0.5280692
13738	0.5279298
13739	0.5277869
13740	0.5276333
13741	0.5275238
13742	0.5274136
13743	0.5273036
13744	0.527188
13745	0.5270556
13746	0.5269235
13747	0.5267908
13748	0.5266587
13749	0.5265242
13750	0.5263839
13751	0.5262005
13752	0.5260174
13753	0.5258338
13754	0.5256453
13755	0.525441
13756	0.5252367
13757	0.5250325
13758	0.5248281
13759	0.5246238
13760	0.524417
13761	0.5242103
13762	0.5240035
13763	0.523797
13764	0.523601
13765	0.5234386
13766	0.5232766
13767	0.5231143
13768	0.5229526
13769	0.5227647
13770	0.5224941
13771	0.522223
13772	0.5219522
13773	0.5216813
13774	0.5214249
13775	0.5212131
13776	0.5210013
13777	0.52079
13778	0.5205785
13779	0.5203518
13780	0.5200759
13781	0.5197998
13782	0.5195242
13783	0.5192487
13784	0.5189748
13785	0.5187079
13786	0.5184409
13787	0.5181741
13788	0.5179073
13789	0.517633
13790	0.5173334
13791	0.517034
13792	0.5167349
13793	0.5164353
13794	0.5161246
13795	0.5157749
13796	0.5154251
13797	0.5150756
13798	0.5147262
13799	0.5143713
13800	0.5139974
13801	0.5136534
13802	0.5133094
13803	0.5129655
13804	0.5126104
13805	0.5122162
13806	0.5118222
13807	0.5114281
13808	0.5110345
13809	0.510643
13810	0.5102597
13811	0.5098767
13812	0.5094936
13813	0.5091109
13814	0.5087194
13815	0.5082966
13816	0.5078741
13817	0.5074521
13818	0.5070301
13819	0.5066084
13820	0.5061873
13821	0.5057669
13822	0.5053466
13823	0.504926
13824	0.5045039
13825	0.5040748
13826	0.5036461
13827	0.503217
13828	0.5027886
13829	0.502362
13830	0.5019427
13831	0.5017228
13832	0.5015026
13833	0.5012825
13834	0.5010622
13835	0.5008417
13836	0.5006211
13837	0.5004005
13838	0.5001799
13839	0.4999574
13840	0.4997284
13841	0.4994996
13842	0.4992703
13843	0.4990412
13844	0.4988078
13845	0.4985602
13846	0.4983129
13847	0.4980651
13848	0.4978173
13849	0.497579
13850	0.4973751
13851	0.497212
13852	0.4970486
13853	0.4968851
13854	0.4967343
13855	0.4966307
13856	0.4965272
13857	0.4964234
13858	0.4963195
13859	0.4962274
13860	0.4961788
13861	0.4960895
13862	0.4960001
13863	0.4959107
13864	0.4958351
13865	0.495812
13866	0.4957889
13867	0.4957656
13868	0.4957424
13869	0.4957251
13870	0.4957303
13871	0.4957355
13872	0.4957406
13873	0.4957457
13874	0.4957537
13875	0.4957728
13876	0.4957917
13877	0.4958106
13878	0.4958295
13879	0.4958776
13880	0.4960394
13881	0.4962004
13882	0.4963618
13883	0.4965228
13884	0.4966951
13885	0.4969087
13886	0.4971222
13887	0.4973357
13888	0.4975491
13889	0.497778
13890	0.4980638
13891	0.4983498
13892	0.4986357
13893	0.4989223
13894	0.4992246
13895	0.4995898
13896	0.499955
13897	0.5003203
13898	0.5006864
13899	0.5010555
13900	0.50144
13901	0.5018241
13902	0.5022095
13903	0.5025939
13904	0.5029814
13905	0.5033795
13906	0.5037773
13907	0.5041764
13908	0.5045745
13909	0.5049611
13910	0.5052986
13911	0.5056371
13912	0.5059749
13913	0.5063131
13914	0.5066392
13915	0.5069187
13916	0.507198
13917	0.507477
13918	0.507756
13919	0.5080026
13920	0.5081136
13921	0.5082246
13922	0.5083358
13923	0.508447
13924	0.5085118
13925	0.5083833
13926	0.5082548
13927	0.5081263
13928	0.5079979
13929	0.5078049
13930	0.5073466
13931	0.5068879
13932	0.5064294
13933	0.5059698
13934	0.5054283
13935	0.5045422
13936	0.5036557
13937	0.5027688
13938	0.5018805
13939	0.5009173
13940	0.4996282
13941	0.4983397
13942	0.4970481
13943	0.4957573
13944	0.4943785
13945	0.4926234
13946	0.4908677
13947	0.4891095
13948	0.4873542
13949	0.4855176
13950	0.4833436
13951	0.4811645
13952	0.4789869
13953	0.476808
13954	0.4745222
13955	0.4717703
13956	0.4690174
13957	0.466263
13958	0.4635078
13959	0.4606598
13960	0.4574063
13961	0.4541514
13962	0.4508954
13963	0.447641
13964	0.4442888
13965	0.4405336
13966	0.4367772
13967	0.433019
13968	0.4292595
13969	0.425403
13970	0.4211157
13971	0.4168265
13972	0.4125399
13973	0.4082431
13974	0.4039015
13975	0.3993429
13976	0.3947826
13977	0.3902203
13978	0.3856564
13979	0.3809499
13980	0.3755953
13981	0.3702386
13982	0.3648798
13983	0.3595187
13984	0.3541306
13985	0.3486238
13986	0.343115
13987	0.3376039
13988	0.3320907
13989	0.3265456
13990	0.3208615
13991	0.315175
13992	0.3094863
13993	0.3037952
13994	0.2981227
13995	0.292583
13996	0.2870359
13997	0.2814863
13998	0.2759347
13999	0.2704197
14000	0.2650878
14001	0.2597284
14002	0.2543678
14003	0.2490062
14004	0.243629
14005	0.238181
14006	0.232732
14007	0.2272818
14008	0.2218307
14009	0.2164265
14010	0.2112547
14011	0.2060817
14012	0.2009079
14013	0.195733
14014	0.1905932
14015	0.1856291
14016	0.180659
14017	0.1756978
14018	0.1707306
14019	0.1658287
14020	0.1612511
14021	0.1566727
14022	0.1520934
14023	0.1475131
14024	0.1430299
14025	0.1390305
14026	0.1350382
14027	0.1310412
14028	0.1270434
14029	0.1231163
14030	0.1195479
14031	0.1159788
14032	0.1124089
14033	0.1088384
14034	0.1053589
14035	0.1023673
14036	0.0993721
14037	0.09637628
14038	0.09337696
14039	0.09045472
14040	0.08789765
14041	0.08534253
14042	0.08278191
14043	0.08022329
14044	0.07773151
14045	0.07558738
14046	0.07344283
14047	0.07129575
14048	0.06915243
14049	0.06705053
14050	0.06518047
14051	0.06330636
14052	0.06143371
14053	0.0595607
14054	0.05772972
14055	0.05612238
14056	0.05451315
14057	0.05290676
14058	0.05129846
14059	0.04972471
14060	0.04832488
14061	0.04692886
14062	0.04553119
14063	0.04413461
14064	0.04276007
14065	0.04152076
14066	0.04028361
14067	0.03904501
14068	0.03780738
14069	0.03659474
14070	0.03554141
14071	0.03448965
14072	0.03343854
14073	0.03238499
14074	0.03135087
14075	0.0304262
14076	0.0295003
14077	0.02857495
14078	0.02764655
14079	0.02674444
14080	0.02597411
14081	0.02520218
14082	0.02442784
14083	0.02365562
14084	0.0229127
14085	0.02233906
14086	0.02176587
14087	0.02119089
14088	0.02061747
14089	0.02004344
14090	0.01947022
14091	0.01889519
14092	0.01832173
14093	0.0177476
14094	0.01719433
14095	0.01676169
14096	0.0163277
14097	0.01589489
14098	0.01546158
14099	0.01503798
14100	0.01466786
14101	0.01429875
14102	0.0139292
14103	0.01355994
14104	0.01320249
14105	0.01291963
14106	0.01263726
14107	0.01235457
14108	0.01207209
14109	0.01178163
14110	0.01144993
14111	0.01111785
14112	0.01078602
14113	0.01045348
14114	0.01013462
14115	0.009898242
14116	0.009661578
14117	0.009425103
14118	0.009187888
14119	0.008956186
14120	0.008753984
14121	0.008551932
14122	0.008349453
14123	0.008147125
14124	0.007947459
14125	0.007764377
14126	0.007581261
14127	0.007397928
14128	0.007214918
14129	0.0070348
14130	0.00687412
14131	0.006713095
14132	0.006552194
14133	0.006391261
14134	0.006232614
14135	0.006088566
14136	0.005944489
14137	0.005800383
14138	0.005656247
14139	0.00551426
14140	0.00538611
14141	0.005257934
14142	0.005129733
14143	0.00500163
14144	0.004872932
14145	0.004742276
14146	0.004611594
14147	0.004480885
14148	0.004350153
14149	0.004226558
14150	0.004149728
14151	0.004072882
14152	0.003996096
14153	0.003919141
14154	0.003845367
14155	0.003792105
14156	0.003738833
14157	0.00368555
14158	0.003632259
14159	0.00358008
14160	0.003535427
14161	0.003490764
14162	0.003446094
14163	0.003401414
14164	0.003349726
14165	0.003250717
14166	0.003151688
14167	0.003052641
14168	0.002953573
14169	0.002858079
14170	0.002787051
14171	0.002716008
14172	0.002644952
14173	0.002573883
14174	0.002505259
14175	0.002454141
14176	0.002402962
14177	0.002351773
14178	0.002300574
14179	0.002250074
14180	0.002204523
14181	0.002158965
14182	0.002113397
14183	0.00206782
14184	0.002022794
14185	0.001981708
14186	0.001940615
14187	0.001899514
14188	0.001858405
14189	0.001817896
14190	0.001781753
14191	0.00174546
14192	0.001709167
14193	0.001672872
14194	0.001636847
14195	0.001602783
14196	0.001568684
14197	0.001534651
14198	0.001500583
14199	0.001466033
14200	0.001427959
14201	0.001389871
14202	0.001351782
14203	0.001313693
14204	0.001274447
14205	0.001226524
14206	0.001178695
14207	0.001130818
14208	0.001082939
14209	0.001036126
14210	0.000997336
14211	0.000958545
14212	0.000919754
14213	0.000880963
14214	0.000850027
14215	0.00087857
14216	0.000907142
14217	0.000935714
14218	0.000964315
14219	0.000989041
14220	0.000984192
14221	0.000979349
14222	0.000974495
14223	0.000969646
14224	0.000965216
14225	0.00096406
14226	0.000962904
14227	0.000961748
14228	0.000960593
14229	0.000958701
14230	0.000950943
14231	0.000943168
14232	0.000935402
14233	0.000927635
14234	0.000915019
14235	0.00086331
14236	0.00081155
14237	0.00075989
14238	0.000708179
14239	0.000660482
14240	0.00064531
14241	0.000630183
14242	0.000615041
14243	0.000599913
14244	0.000585469
14245	0.000576964
14246	0.000568476
14247	0.00055998
14248	0.000551491
14249	0.00054272