time mag magerr
-15.275772450644581 0.9932729268930923 0.11558864274488485
-14.215772450639633 0.6515708077428614 0.12358114960016676
-13.205772450644872 0.41250355975400144 0.11922257194007649
-12.205772450644872 0.32696647758497566 0.11744795162343116
-11.165772450643999 0.27683280742016425 0.12668898789389652
-10.205772450644872 0.2639340283138738 0.12656070563175562
-9.411897055855661 0.9674175363359685 0.06105374605052057
-9.22577245064167 0.284685545083728 0.09676807487024569
-8.285772450639342 0.3305140061225851 0.02691056841688066
-7.225772450641671 0.32857862469840976 0.15680540403669876
-7.138945873324701 0.5245085595004866 0.10656052579063771
-6.244336421252228 -0.5821539611996864 0.07660309189039821
-6.195772450642835 0.29917467269669995 0.07649894048732904
-6.115945873323653 0.4609918333528718 0.10020333614649571
-5.330336421255197 -0.5527414677610287 0.06987348880831495
-5.293350122759875 1.2484669229903214 0.06565883598103035
-5.235772450643708 0.33275530509894136 0.18610376342056142
-5.114945873319812 0.6085305368121013 0.08415635648387992
-4.327336421250948 -0.6078118499858713 0.05722679964587026
-4.195772450642835 0.28610033106590915 0.07561272559335493
-4.099945873320394 0.40585519363034517 0.07032593867252651
-3.3838970558572328 0.7542190300894125 0.03167818581649638
-3.293336421251297 -0.5832085576399613 0.055604911257680266
-3.283350122757838 0.9742255950007533 0.07150617382955488
-3.192316867876798 1.0065678367152213 0.0510560114206525
-2.612707042688271 -0.0067864933825758575 0.37566222109489944
-2.4108970558590954 0.6949745123704589 0.03392125350034446
-2.2823501227539964 0.9727854079237694 0.040034072198866205
-2.203316867882677 0.6890014443170119 0.0815869217404141
-1.896945873319055 0.3834783578413734 0.09199333228756816
-1.5817070426855935 0.07593462817921705 0.22542133351696864
-1.2973501227606903 0.943476537829195 0.04456106028257242
-1.1853168678790098 0.9157978727885888 0.055137819341254474
-1.0929458733226056 0.5513017721776456 0.06668019304870694
-0.25735012275981717 1.156475250046789 0.05696433653541741
-0.22433642125542974 -0.34827223088006276 0.11858832064999916
-0.1721111149599892 -0.36665278160447967 0.19155661830753717
0.09205412667506607 0.45223544751132816 0.06701464674751519
0.40029295731073944 -0.2582535286933292 0.2736756645605566
0.7786635787488194 -0.41030480957546933 0.04990434062927848
0.7926831321165082 0.6433390261795973 0.0653682163692207
0.9860541266752989 0.4022796641073867 0.0707636318541139
1.7296498772411724 1.1008804412333169 0.057468312572656124
1.7846831321221543 0.6423316924778151 0.07639684228139115
1.7988888850377407 -0.2447363834269081 0.08721265464734677
2.6222161822443013 0.3988479637512058 0.14050107648349164
2.708649877240532 0.9824825543469695 0.048688660006915824
2.709663578745676 -0.33593313830395344 0.0494487190236029
3.0530541266780347 0.4588423179339755 0.06879380000124875
3.6692161822429625 0.4336280654388787 0.1488629474433072
3.8036498772416962 1.1020093358714063 0.06701231626509237
3.960054126677278 0.5910244508572269 0.09126532717768027
4.397292957313766 0.22959661476635573 0.3402196408381713
4.719649877239135 1.053105010149901 0.06934334887959466
4.9800541266813525 0.6859511365825071 0.07276820546204729
5.634216182246746 0.632784967109363 0.11669839235760263
5.680663578743406 -0.13026219788898133 0.05088130625196748
5.716649877242162 1.0546457210592435 0.05250294430467282
5.956745998635597 2.748562198350671 0.04745773922906901
5.979054126677511 0.5438320248513626 0.11405471573123864
6.643216182244942 0.6254282965739264 0.16310333092728468
6.644227549360949 0.6944666542305411 0.1023357551819774
6.707649877243966 1.2061046504782882 0.05739824007187064
7.112054126679141 0.6744015506418684 0.10716063142534897
7.646216182249191 0.6296367022107396 0.20122226677781826
7.707649877243966 1.3572712459570904 0.1939720006323828
8.0910541266785 0.9532775475535444 0.08719377537297807
8.393292957312951 0.1947574813768982 0.2588175952935077
8.714227549360658 0.8419996996434743 0.05234211960485233
10.362292957310274 0.5407358387523027 0.2617113635320544
10.59621618224628 0.8038487544882115 0.20135561751915101
10.604663578742475 0.24124205277040867 0.05687722852465435
10.855683132118429 1.0681295925303556 0.1958146542844663
10.88988888503809 0.1770594814948842 0.07390833672880931
11.927054126681469 0.8921121683907856 0.09807047546820828
12.423292957311787 0.3633622765517097 0.13523374710101477
12.862888885043503 0.4367655905699936 0.03439874794661556
12.89505412667495 1.0326257656990776 0.08696408868441691
12.92574599863292 2.87223950069023 0.05945773918630678
13.370292957311904 0.7988975555059897 0.3988996689226741
13.608216182248725 0.9229544535134876 0.20115776136801528
13.717649877246004 1.4912773461689197 0.27014310757896176
13.983745998630184 2.8757099943015327 0.039457739183653785
14.365292957307247 0.7108965175971115 0.40250949245001766
14.592216182245465 0.9288496718737675 0.15300067267490758
14.65422754935571 1.1145715843967665 0.042585057926733054
15.595216182249715 0.9422533517684222 0.13579251069380993
15.917054126679432 1.2462856331006769 0.0894897326859892
15.935745998634957 2.8497115677847025 0.057457739177949906
16.39529295731336 0.9163038470711429 0.20256291572912893
16.59366357874387 0.2876393272636961 0.04653043982420322
16.613216182246106 0.9814561463502157 0.17352994696416987
16.873683132122096 1.282658210823944 0.052809031720419924
17.051054126677627 1.2500651812611572 0.08025017335446
17.694227549356583 1.1295465090797956 0.032686114754806754
17.716649877242162 1.7393597367752671 0.07269391972647649
17.77368313212355 1.5311508038792896 0.27080057700552373
18.555102944141254 1.1614491438363286 0.03441173100775273
18.6586635787462 0.3332439501785048 0.048443733792080196
18.674227549359784 1.1419511109437357 0.05267964108625087
19.45429295730719 0.91167151283628 0.1644887227711087
19.595216182249715 0.9431609297171205 0.14371950588416227
19.70422754935862 1.1653945073550078 0.08264523286743802
19.717649877246004 1.5947951580154174 0.08077003871815341
19.74468313212128 1.6612094308266372 0.27077552210145406
19.922745998635946 2.936339818363289 0.03745773918349836
20.31629295730818 1.1118796698525644 0.31243328440600654
20.721649877239543 1.6780839745443308 0.056802551799291015
20.93868313211715 1.5814820834203627 0.0417578305901368
21.729683132121863 1.5709061628474157 0.1957466738535071
23.30429295731301 0.998056338757001 0.2820477428417285
23.641663578746375 0.5262454525851994 0.06257303923838428
23.77388888504356 0.7859726899437242 0.06794848873750554
23.799683132121572 1.738443520187148 0.19571967816237396
24.543102944146085 1.2914937791028291 0.19149344523904616
24.631663578744337 0.4006679362548735 0.056607421211000784
24.734683132119244 1.55268917170939 0.044716772401049966
25.56966357874626 0.3634876282744881 0.055635456574526586
25.721683132120233 1.759251099740511 0.0397189283571978
26.677663578746433 0.4322860936710176 0.05165909830949453
26.870683132117847 1.7457806135147298 0.06872109211013995
27.341292957309633 1.0941773072780925 0.3316557195974524
27.591663578743464 0.4432251719087649 0.06067201212043067
27.906683132117905 1.6103893588599842 0.042721465178136
28.048054126680654 1.3409735921629362 0.11229742667948531
28.533102944144048 1.3286143802207309 0.05725359020200178
28.662663578747015 0.44681549125097186 0.056675534945893134
28.74468313212128 1.9003288270558063 0.2707184826986815
29.03105412668083 1.4061656620666632 0.09529841208522455
29.36429295731068 0.8532341497962662 0.2746408712193147
29.537102944144863 1.3058046162367505 0.04416859115408786
29.59866357874853 0.49097029056877384 0.06966677349364142
29.72364987723995 1.730633034943253 0.07411310235783625
29.77368313212355 1.7295264392214353 0.08370966012139408
29.884054126676347 1.3583757339090823 0.11327532250979247
30.56810294414754 1.2984187313910205 0.04108480258441425
30.706683132120816 1.6872805893542955 0.05369513299900905
30.851054126680538 1.4389054804215469 0.09822178982000034
31.363292957314115 1.054492695316929 0.27829352467365354
31.558102944145503 1.2919126429224974 0.04902131726945011
31.705683132116974 1.8713036604170281 0.19567770145522903
31.919888885036926 0.7968524157710095 0.16458178807614407
32.37129295730847 0.9859967714404314 0.2519937197949227
32.475102944146784 1.2656882908901606 0.03701291639140179
32.62666357874696 0.5682676345033219 0.060563941628168874
32.71268313212204 1.9970683473896191 0.043659495098687585
32.89988888504013 0.9108378456444669 0.19355654129273708
33.48610294414539 1.2886189683974345 0.033055985574103816
33.57766357874789 0.5145086389963311 0.07052372921137512
33.69768313212262 1.8002949897734741 0.055642402608592295
34.74668313212169 1.9678167033976997 0.040624028316406754
35.53210294414748 1.271582527191727 0.039198705778180055
36.56010294414591 1.3178571804057542 0.05323097287733621
36.711888885038206 0.8676652292541623 0.053246468687053156
37.5581029441455 1.2902039286206166 0.054218549337381204
37.75288888504292 0.743305487421972 0.2551978947205792
38.53210294414748 1.29382629486528 0.03917247787725695
38.84388888504327 0.787940203096857 0.054165068270734605
39.54510294414649 1.2433347535740873 0.06111101112151303
39.79388888504036 0.6986496622580768 0.06313945651658599
41.79388888504036 0.8440008011340807 0.19307822408184733
42.72988888504187 0.8138355599085556 0.05904933103177753
44.51210294414341 1.2020199701307417 0.08403458423294768
44.73088888503844 0.8895216928984193 0.1930157972031356
45.54410294414265 1.2045154028750849 0.03702404930127222
45.79888888503774 0.7310135828522432 0.193011530789499
46.78588888503873 0.5515492494397178 0.19301266623613883
47.70488888504042 0.9114651664616331 0.19301811722837597
