time U-r Ur_err r-J rJ_err r-H rH_err r-K rK_err
-5.16894012276 0.662301901733 0.0536588599693 1.0 1.0 1.0 1.0 1.0 1.0
-5.16520012276 0.610845717514 0.0566588606905 1.0 1.0 1.0 1.0 1.0 1.0
-3.24834012276 0.553175653988 0.0465061803937 1.0 1.0 1.0 1.0 1.0 1.0
-3.24461012275 0.605572231111 0.046506181093 1.0 1.0 1.0 1.0 1.0 1.0
-3.23130012276 0.592987362881 0.0465061835886 1.0 1.0 1.0 1.0 1.0 1.0
-3.22756012276 0.604385003213 0.0465061842898 1.0 1.0 1.0 1.0 1.0 1.0
-2.27857012275 0.612203364446 0.0450340725534 1.0 1.0 1.0 1.0 1.0 1.0
-2.27484012276 0.596509085946 0.0450340729032 1.0 1.0 1.0 1.0 1.0 1.0
-2.26102012276 0.601641812791 0.0470340741995 1.0 1.0 1.0 1.0 1.0 1.0
-2.25730012276 0.597946714663 0.0470340745484 1.0 1.0 1.0 1.0 1.0 1.0
-1.26916012276 0.583827408037 0.0455610618177 1.0 1.0 1.0 1.0 1.0 1.0
-1.26542012276 0.560042997762 0.0455610620213 1.0 1.0 1.0 1.0 1.0 1.0
-1.25201012276 0.579816007979 0.0455610627516 1.0 1.0 1.0 1.0 1.0 1.0
-1.24827012276 0.571031597704 0.0475610629553 1.0 1.0 1.0 1.0 1.0 1.0
-0.270540122758 0.759688824067 0.0539643355992 1.0 1.0 1.0 1.0 1.0 1.0
-0.266810122754 0.610834426586 0.0469643358639 1.0 1.0 1.0 1.0 1.0 1.0
-0.25331012276 0.679361406212 0.0499643368222 1.0 1.0 1.0 1.0 1.0 1.0
-0.249590122759 0.713506618376 0.0509643370862 1.0 1.0 1.0 1.0 1.0 1.0
0.714309877243 0.564791595054 0.0462478033734 1.0 1.0 1.0 1.0 1.0 1.0
0.739009877245 0.581432758992 0.0472478065267 1.0 1.0 1.0 1.0 1.0 1.0
0.742739877242 0.578529582534 0.0482478070029 1.0 1.0 1.0 1.0 1.0 1.0
1.72893987724 0.519787301275 0.0464683124413 1.0 1.0 1.0 1.0 1.0 1.0
1.73266987724 0.516846194394 0.0474683131314 1.0 1.0 1.0 1.0 1.0 1.0
1.74641987724 0.561063293693 0.0484683156753 1.0 1.0 1.0 1.0 1.0 1.0
1.75015987724 0.563122344702 0.0464683163673 1.0 1.0 1.0 1.0 1.0 1.0
2.72331987724 0.549278964847 0.047688662862 1.0 1.0 1.0 1.0 1.0 1.0
2.73665987724 0.557354045739 0.0476886654582 1.0 1.0 1.0 1.0 1.0 1.0
2.74039987724 0.563375095404 0.0486886661861 1.0 1.0 1.0 1.0 1.0 1.0
3.71507987724 0.552493663127 0.0500123103038 1.0 1.0 1.0 1.0 1.0 1.0
3.71880987725 0.514458959586 0.0490123105548 1.0 1.0 1.0 1.0 1.0 1.0
3.73216987724 0.578334659505 0.048012311454 1.0 1.0 1.0 1.0 1.0 1.0
3.73589987724 0.571299955965 0.0500123117051 1.0 1.0 1.0 1.0 1.0 1.0
5.74144987724 0.700240631057 0.0505029385027 1.0 1.0 1.0 1.0 1.0 1.0
5.74518987724 0.712121101772 0.0505029376277 1.0 1.0 1.0 1.0 1.0 1.0
6.76316987725 0.700067732683 0.0473982315323 1.0 1.0 1.0 1.0 1.0 1.0
6.76690987725 0.678966245468 0.048398230957 1.0 1.0 1.0 1.0 1.0 1.0
7.75926987724 0.704022639904 0.0479720117322 1.0 1.0 1.0 1.0 1.0 1.0
7.76299987725 0.706994815429 0.0479720125342 1.0 1.0 1.0 1.0 1.0 1.0
13.7362198772 1.17225972497 0.0591431028584 1.0 1.0 1.0 1.0 1.0 1.0
13.7399498772 1.1240303648 0.0681431019102 1.0 1.0 1.0 1.0 1.0 1.0
13.7560598772 1.12903975025 0.0721430978149 1.0 1.0 1.0 1.0 1.0 1.0
13.7597898772 1.17481039008 0.0861430968668 1.0 1.0 1.0 1.0 1.0 1.0
14.7328698772 1.06291428941 0.0949065432272 1.0 1.0 1.0 1.0 1.0 1.0
14.7366098772 1.21372513143 0.0779065432467 1.0 1.0 1.0 1.0 1.0 1.0
15.7367298772 1.12367610793 0.0687171679081 1.0 1.0 1.0 1.0 1.0 1.0
15.7404598772 1.13852007795 0.0697171686412 1.0 1.0 1.0 1.0 1.0 1.0
16.7393898772 1.30048818473 0.091656909075 1.0 1.0 1.0 1.0 1.0 1.0
17.7379998772 1.21644945555 0.274693923774 1.0 1.0 1.0 1.0 1.0 1.0
17.7417298772 1.2112975021 0.208693924481 1.0 1.0 1.0 1.0 1.0 1.0
20.7407398772 1.82272186922 0.0728025523767 1.0 1.0 1.0 1.0 1.0 1.0
20.7444698772 1.80855127223 0.0878025524895 1.0 1.0 1.0 1.0 1.0 1.0
24.7434298772 2.19867002086 0.112832991202 1.0 1.0 1.0 1.0 1.0 1.0
26.7466398772 2.04753377862 0.142764308809 1.0 1.0 1.0 1.0 1.0 1.0
28.7322198772 2.10805592675 0.110088299008 1.0 1.0 1.0 1.0 1.0 1.0
-5.29335012276 1.0 1.0 1.03355940679 0.025658835981 1.0 1.0 1.0 1.0
-3.28335012276 1.0 1.0 0.958318078803 0.0325061738296 1.0 1.0 1.0 1.0
-2.28235012275 1.0 1.0 0.930877891726 0.0280340721989 1.0 1.0 1.0 1.0
-1.29735012276 1.0 1.0 0.897569021631 0.0265610602826 1.0 1.0 1.0 1.0
-0.25735012276 1.0 1.0 0.855567733849 0.0679643365354 1.0 1.0 1.0 1.0
1.72964987724 1.0 1.0 0.852972925035 0.0304683125727 1.0 1.0 1.0 1.0
2.70864987724 1.0 1.0 0.870575038149 0.0346886600069 1.0 1.0 1.0 1.0
3.80364987724 1.0 1.0 0.963101819674 0.0370123162651 1.0 1.0 1.0 1.0
4.71964987724 1.0 1.0 0.951197493952 0.0403433488796 1.0 1.0 1.0 1.0
5.71664987724 1.0 1.0 1.02073820486 0.0315029443047 1.0 1.0 1.0 1.0
6.70764987724 1.0 1.0 1.04219713428 0.0313982400719 1.0 1.0 1.0 1.0
7.70764987724 1.0 1.0 1.03436372976 0.0329720006324 1.0 1.0 1.0 1.0
13.7176498772 1.0 1.0 1.25536982997 0.034143107579 1.0 1.0 1.0 1.0
17.7166498772 1.0 1.0 1.25945222058 0.0416939197265 1.0 1.0 1.0 1.0
19.7176498772 1.0 1.0 1.39888764182 0.0367700387182 1.0 1.0 1.0 1.0
20.7216498772 1.0 1.0 1.49617645835 0.0378025517993 1.0 1.0 1.0 1.0
29.7236498772 1.0 1.0 1.47672551875 0.195113102358 1.0 1.0 1.0 1.0
-5.29335012276 1.0 1.0 1.0 1.0 1.24846692299 0.065658835981 1.0 1.0
-3.28335012276 1.0 1.0 1.0 1.0 0.974225595001 0.0715061738296 1.0 1.0
-2.28235012275 1.0 1.0 1.0 1.0 0.972785407924 0.0400340721989 1.0 1.0
-1.29735012276 1.0 1.0 1.0 1.0 0.943476537829 0.0445610602826 1.0 1.0
-0.25735012276 1.0 1.0 1.0 1.0 1.15647525005 0.0569643365354 1.0 1.0
1.72964987724 1.0 1.0 1.0 1.0 1.10088044123 0.0574683125727 1.0 1.0
2.70864987724 1.0 1.0 1.0 1.0 0.982482554347 0.0486886600069 1.0 1.0
3.80364987724 1.0 1.0 1.0 1.0 1.10200933587 0.0670123162651 1.0 1.0
4.71964987724 1.0 1.0 1.0 1.0 1.05310501015 0.0693433488796 1.0 1.0
5.71664987724 1.0 1.0 1.0 1.0 1.05464572106 0.0525029443047 1.0 1.0
6.70764987724 1.0 1.0 1.0 1.0 1.20610465048 0.0573982400719 1.0 1.0
7.70764987724 1.0 1.0 1.0 1.0 1.35727124596 0.193972000632 1.0 1.0
13.7176498772 1.0 1.0 1.0 1.0 1.49127734617 0.270143107579 1.0 1.0
17.7166498772 1.0 1.0 1.0 1.0 1.73935973678 0.0726939197265 1.0 1.0
19.7176498772 1.0 1.0 1.0 1.0 1.59479515802 0.0807700387182 1.0 1.0
20.7216498772 1.0 1.0 1.0 1.0 1.67808397454 0.0568025517993 1.0 1.0
29.7236498772 1.0 1.0 1.0 1.0 1.73063303494 0.0741131023578 1.0 1.0
-5.29335012276 1.0 1.0 1.0 1.0 1.0 1.0 1.44240319876 0.047658835981
-3.28335012276 1.0 1.0 1.0 1.0 1.0 1.0 1.24416187077 0.19150617383
-2.28235012275 1.0 1.0 1.0 1.0 1.0 1.0 1.08772168369 0.0490340721989
-1.29735012276 1.0 1.0 1.0 1.0 1.0 1.0 1.1074128136 0.0485610602826
-0.25735012276 1.0 1.0 1.0 1.0 1.0 1.0 0.862411525817 0.115964336535
1.72964987724 1.0 1.0 1.0 1.0 1.0 1.0 1.196816717 0.0444683125727
2.70864987724 1.0 1.0 1.0 1.0 1.0 1.0 1.26741883012 0.0396886600069
3.80364987724 1.0 1.0 1.0 1.0 1.0 1.0 1.15594561164 0.0550123162651
4.71964987724 1.0 1.0 1.0 1.0 1.0 1.0 1.23704128592 0.0523433488796
5.71664987724 1.0 1.0 1.0 1.0 1.0 1.0 1.43758199683 0.0465029443047
6.70764987724 1.0 1.0 1.0 1.0 1.0 1.0 1.35304092625 0.0493982400719
7.70764987724 1.0 1.0 1.0 1.0 1.0 1.0 1.33620752173 0.0539720006324
13.7176498772 1.0 1.0 1.0 1.0 1.0 1.0 1.76621362194 0.044143107579
17.7166498772 1.0 1.0 1.0 1.0 1.0 1.0 1.52929601255 0.0926939197265
19.7176498772 1.0 1.0 1.0 1.0 1.0 1.0 2.01573143379 0.0467700387182
20.7216498772 1.0 1.0 1.0 1.0 1.0 1.0 1.89002025031 0.0538025517993
29.7236498772 1.0 1.0 1.0 1.0 1.0 1.0 2.10156931071 0.0691131023578
